6881.26685054543
6231.02077078704
5750.67948931173
5750.67948931173
5750.67948931173
5750.67948931173
5268.84153577054
5268.84153577054
5268.84153577054
4957.84231672828
4957.84231672828
4957.84231672828
4957.84231672828
4957.84231672828
4957.84231672828
4957.84231672828
4957.84231672828
4957.84231672828
4957.84231672828
4957.84231672828
4957.84231672828
4957.84231672828
4957.84231672828
3553.16047528661
3553.16047528661
3553.16047528661
3553.16047528661
3553.16047528661
3553.16047528661
3553.16047528661
3553.16047528661
3553.16047528661
3173.46351685037
3173.46351685037
3173.46351685037
3173.46351685037
3173.46351685037
3173.46351685037
3173.46351685037
3173.46351685037
3173.46351685037
3173.46351685037
3173.46351685037
3173.46351685037
3173.46351685037
3173.46351685037
3173.46351685037
3173.46351685037
3173.46351685037
3173.46351685037
3173.46351685037
3173.46351685037
3173.46351685037
3173.46351685037
3173.46351685037
3173.46351685037
3173.46351685037
3173.46351685037
3173.46351685037
3173.46351685037
3173.46351685037
3173.46351685037
3173.46351685037
3173.46351685037
3173.46351685037
3173.46351685037
3173.46351685037
3173.46351685037
3173.46351685037
3173.46351685037
3173.46351685037
3173.46351685037
3173.46351685037
3173.46351685037
3173.46351685037
3173.46351685037
3173.46351685037
3173.46351685037
3173.46351685037
3173.46351685037
3173.46351685037
3173.46351685037
3173.46351685037
3173.46351685037
3173.46351685037
3173.46351685037
3173.46351685037
3173.46351685037
3173.46351685037
3173.46351685037
3173.46351685037
3173.46351685037
3173.46351685037
3173.46351685037
3173.46351685037
3173.46351685037
3173.46351685037
3173.46351685037
3173.46351685037
3173.46351685037
3173.46351685037
3173.46351685037
3173.46351685037
3173.46351685037
3173.46351685037
3173.46351685037
3173.46351685037
3173.46351685037
3173.46351685037
3173.46351685037
3173.46351685037
3173.46351685037
3173.46351685037
3173.46351685037
3173.46351685037
3173.46351685037
3173.46351685037
3173.46351685037
3173.46351685037
3173.46351685037
3173.46351685037
3173.46351685037
3173.46351685037
3173.46351685037
3173.46351685037
3173.46351685037
3173.46351685037
3173.46351685037
3173.46351685037
3173.46351685037
3173.46351685037
3173.46351685037
3173.46351685037
3173.46351685037
3173.46351685037
3173.46351685037
3173.46351685037
3173.46351685037
3173.46351685037
3173.46351685037
3173.46351685037
3173.46351685037
3173.46351685037
3173.46351685037
3173.46351685037
3173.46351685037
3173.46351685037
3173.46351685037
3173.46351685037
3173.46351685037
3173.46351685037
3173.46351685037
3173.46351685037
3173.46351685037
3173.46351685037
3173.46351685037
3173.46351685037
3173.46351685037
3173.46351685037
3173.46351685037
3173.46351685037
3173.46351685037
3173.46351685037
3173.46351685037
3173.46351685037
3173.46351685037
3173.46351685037
3173.46351685037
3173.46351685037
3173.46351685037
3173.46351685037
3173.46351685037
3173.46351685037
3173.46351685037
3173.46351685037
3173.46351685037
3173.46351685037
3173.46351685037
3173.46351685037
3157.93326079953
3157.93326079953
3157.93326079953
3157.93326079953
3157.93326079953
3157.93326079953
3157.93326079953
3157.93326079953
3157.93326079953
3157.93326079953
3157.93326079953
3157.93326079953
3157.93326079953
3157.93326079953
3157.93326079953
3157.93326079953
3157.93326079953
3157.93326079953
3157.93326079953
3157.93326079953
3157.93326079953
3157.93326079953
3157.93326079953
3157.93326079953
3157.93326079953
3157.93326079953
3157.93326079953
3157.93326079953
3157.93326079953
3157.93326079953
3157.93326079953
3157.93326079953
3157.93326079953
3157.93326079953
3157.93326079953
3157.93326079953
3157.93326079953
3157.93326079953
3157.93326079953
3157.93326079953
3157.93326079953
3157.93326079953
3157.93326079953
3157.93326079953
3157.93326079953
3157.93326079953
3157.93326079953
3157.93326079953
3157.93326079953
3157.93326079953
3157.93326079953
3157.93326079953
3157.93326079953
3157.93326079953
3157.93326079953
3157.93326079953
3157.93326079953
3157.93326079953
3157.93326079953
3157.93326079953
3157.93326079953
3157.93326079953
3157.93326079953
3157.93326079953
3157.93326079953
3157.93326079953
3157.93326079953
3157.93326079953
3157.93326079953
3157.93326079953
3157.93326079953
3157.93326079953
3157.93326079953
3157.93326079953
3157.93326079953
3157.93326079953
3157.93326079953
3157.93326079953
3157.93326079953
3157.93326079953
3157.93326079953
3157.93326079953
3157.93326079953
3157.93326079953
3157.93326079953
3157.93326079953
3157.93326079953
3157.93326079953
3157.93326079953
3157.93326079953
3157.93326079953
3157.93326079953
3157.93326079953
3157.93326079953
3157.93326079953
3157.93326079953
3157.93326079953
3157.93326079953
3157.93326079953
3157.93326079953
3157.93326079953
3157.93326079953
3157.93326079953
3114.11115440538
3114.11115440538
3114.11115440538
3114.11115440538
3114.11115440538
3114.11115440538
3114.11115440538
3114.11115440538
3114.11115440538
3067.94656869414
3067.94656869414
3067.94656869414
3067.94656869414
3067.94656869414
3067.94656869414
3067.94656869414
3067.94656869414
2954.4111221479
2954.4111221479
2954.4111221479
2954.4111221479
2954.4111221479
2954.4111221479
2954.4111221479
2954.4111221479
2954.4111221479
2954.4111221479
2954.4111221479
2954.4111221479
2954.4111221479
2954.4111221479
2954.4111221479
2954.4111221479
2954.4111221479
2954.4111221479
2954.4111221479
2954.4111221479
2954.4111221479
2954.4111221479
2954.4111221479
2954.4111221479
2954.4111221479
2954.4111221479
2954.4111221479
2954.4111221479
2954.4111221479
2954.4111221479
2954.4111221479
2954.4111221479
2954.4111221479
2954.4111221479
2954.4111221479
2954.4111221479
2954.4111221479
2954.4111221479
2954.4111221479
2954.4111221479
2954.4111221479
2954.4111221479
2954.4111221479
2954.4111221479
2954.4111221479
2954.4111221479
2954.4111221479
2954.4111221479
2954.4111221479
2954.4111221479
2954.4111221479
2838.44835888581
2838.44835888581
2838.44835888581
2838.44835888581
2838.44835888581
2838.44835888581
2838.44835888581
2838.44835888581
2838.44835888581
2838.44835888581
2838.44835888581
2838.44835888581
2838.44835888581
2838.44835888581
2838.44835888581
2838.44835888581
2838.44835888581
2838.44835888581
2838.44835888581
2838.44835888581
2838.44835888581
2838.44835888581
2838.44835888581
2838.44835888581
2838.44835888581
2838.44835888581
2838.44835888581
2838.44835888581
2838.44835888581
2838.44835888581
2838.44835888581
2838.44835888581
2838.44835888581
2838.44835888581
2838.44835888581
2838.44835888581
2838.44835888581
2838.44835888581
2838.44835888581
2838.44835888581
2838.44835888581
2838.44835888581
2838.44835888581
2838.44835888581
2838.44835888581
2838.44835888581
2838.44835888581
2838.44835888581
2832.57695651844
2832.57695651844
2832.57695651844
2830.20771962097
2830.20771962097
2830.20771962097
2830.20771962097
2830.20771962097
2830.20771962097
2830.20771962097
2830.20771962097
2830.20771962097
2830.20771962097
2830.20771962097
2830.20771962097
2830.20771962097
2830.20771962097
2830.20771962097
2830.20771962097
2830.20771962097
2830.20771962097
2830.20771962097
2830.20771962097
2830.20771962097
2830.20771962097
2830.20771962097
2830.20771962097
2830.20771962097
2830.20771962097
2830.20771962097
2830.20771962097
2830.20771962097
2830.20771962097
2830.20771962097
2830.20771962097
2830.20771962097
2830.20771962097
2830.20771962097
2830.20771962097
2830.20771962097
2830.20771962097
2830.20771962097
2830.20771962097
2830.20771962097
2830.20771962097
2830.20771962097
2830.20771962097
2830.20771962097
2830.20771962097
2830.20771962097
2830.20771962097
2830.20771962097
2830.20771962097
2830.20771962097
2830.20771962097
2830.20771962097
2830.20771962097
2830.20771962097
2830.20771962097
2830.20771962097
2830.20771962097
2830.20771962097
2830.20771962097
2830.20771962097
2830.20771962097
2830.20771962097
2830.20771962097
2830.20771962097
2830.20771962097
2830.20771962097
2830.20771962097
2830.20771962097
2830.20771962097
2830.20771962097
2830.20771962097
2830.20771962097
2830.20771962097
2830.20771962097
2830.20771962097
2830.20771962097
2830.20771962097
2830.20771962097
2830.20771962097
2830.20771962097
2830.20771962097
2830.20771962097
2784.7475568545
2784.7475568545
2784.7475568545
2784.7475568545
2784.7475568545
2784.7475568545
2784.7475568545
2784.7475568545
2784.7475568545
2784.7475568545
2784.7475568545
2784.7475568545
2784.7475568545
2784.7475568545
2784.7475568545
2784.7475568545
2784.7475568545
2784.7475568545
2784.7475568545
2784.7475568545
2784.7475568545
2784.7475568545
2784.7475568545
2784.7475568545
2784.7475568545
2784.7475568545
2784.7475568545
2784.7475568545
2784.7475568545
2784.7475568545
2784.7475568545
2784.7475568545
2784.7475568545
2784.7475568545
2784.7475568545
2784.7475568545
2784.7475568545
2784.7475568545
2784.7475568545
2784.7475568545
2784.7475568545
2784.7475568545
2784.7475568545
2784.7475568545
2784.7475568545
2784.7475568545
2784.7475568545
2784.7475568545
2784.7475568545
2784.7475568545
2784.7475568545
2784.7475568545
2784.7475568545
2784.7475568545
2784.7475568545
2784.7475568545
2784.7475568545
2784.7475568545
2784.7475568545
2784.7475568545
2784.7475568545
2784.7475568545
2784.7475568545
2784.7475568545
2784.7475568545
2784.7475568545
2784.7475568545
2784.7475568545
2784.7475568545
2784.7475568545
2784.7475568545
2784.7475568545
2784.7475568545
2784.7475568545
2784.7475568545
2784.7475568545
2784.7475568545
2784.7475568545
2784.7475568545
2784.7475568545
2784.7475568545
2784.7475568545
2784.7475568545
2784.7475568545
2784.7475568545
2784.7475568545
2784.7475568545
2784.7475568545
2784.7475568545
2784.7475568545
2784.7475568545
2784.7475568545
2784.7475568545
2784.7475568545
2784.7475568545
2784.7475568545
2784.7475568545
2784.7475568545
2784.7475568545
2784.7475568545
2784.7475568545
2784.7475568545
2784.7475568545
2784.7475568545
2784.7475568545
2784.7475568545
2784.7475568545
2784.7475568545
2784.7475568545
2784.7475568545
2784.7475568545
2784.7475568545
2784.7475568545
2784.7475568545
2784.7475568545
2784.7475568545
2784.7475568545
2784.7475568545
2784.7475568545
2784.7475568545
2784.7475568545
2784.7475568545
2784.7475568545
2784.7475568545
2784.7475568545
2784.7475568545
2784.7475568545
2784.7475568545
2784.7475568545
2784.7475568545
2784.7475568545
2784.7475568545
2784.7475568545
2784.7475568545
2784.7475568545
2784.7475568545
2784.7475568545
2784.7475568545
2784.7475568545
2784.7475568545
2784.7475568545
2784.7475568545
2784.7475568545
2784.7475568545
2784.7475568545
2784.7475568545
2784.7475568545
2784.7475568545
2784.7475568545
2784.7475568545
2784.7475568545
2784.7475568545
2784.7475568545
2784.7475568545
2784.7475568545
2784.7475568545
2784.7475568545
2557.02542911585
2557.02542911585
2557.02542911585
2557.02542911585
2557.02542911585
2557.02542911585
2557.02542911585
2557.02542911585
2557.02542911585
2557.02542911585
2557.02542911585
2557.02542911585
2557.02542911585
2557.02542911585
2557.02542911585
2557.02542911585
2557.02542911585
2557.02542911585
2557.02542911585
2557.02542911585
2557.02542911585
2557.02542911585
2557.02542911585
2557.02542911585
2557.02542911585
2557.02542911585
2557.02542911585
2557.02542911585
2557.02542911585
2557.02542911585
2557.02542911585
2557.02542911585
2557.02542911585
2557.02542911585
2557.02542911585
2557.02542911585
2557.02542911585
2557.02542911585
2557.02542911585
2557.02542911585
2557.02542911585
2557.02542911585
2557.02542911585
2557.02542911585
2557.02542911585
2557.02542911585
2557.02542911585
2557.02542911585
2557.02542911585
2557.02542911585
2557.02542911585
2557.02542911585
2557.02542911585
2557.02542911585
2557.02542911585
2557.02542911585
2557.02542911585
2557.02542911585
2557.02542911585
2557.02542911585
2557.02542911585
2557.02542911585
2557.02542911585
2557.02542911585
2557.02542911585
2557.02542911585
2557.02542911585
2557.02542911585
2557.02542911585
2557.02542911585
2557.02542911585
2557.02542911585
2557.02542911585
2557.02542911585
2557.02542911585
2557.02542911585
2557.02542911585
2557.02542911585
2557.02542911585
2557.02542911585
2557.02542911585
2557.02542911585
2557.02542911585
2557.02542911585
2557.02542911585
2557.02542911585
2557.02542911585
2557.02542911585
2557.02542911585
2557.02542911585
2557.02542911585
2557.02542911585
2557.02542911585
2557.02542911585
2557.02542911585
2557.02542911585
2557.02542911585
2557.02542911585
2557.02542911585
2557.02542911585
2557.02542911585
2557.02542911585
2557.02542911585
2557.02542911585
2557.02542911585
2557.02542911585
2557.02542911585
2557.02542911585
2557.02542911585
2557.02542911585
2557.02542911585
2557.02542911585
2557.02542911585
2557.02542911585
2557.02542911585
2557.02542911585
2557.02542911585
2557.02542911585
2557.02542911585
2557.02542911585
2557.02542911585
2557.02542911585
2557.02542911585
2557.02542911585
2557.02542911585
2521.96305810206
2521.96305810206
2521.96305810206
2521.96305810206
2521.96305810206
2521.96305810206
2521.96305810206
2521.96305810206
2521.96305810206
2521.96305810206
2521.96305810206
2521.96305810206
2521.96305810206
2521.96305810206
2521.96305810206
2521.96305810206
2521.96305810206
2521.96305810206
2521.96305810206
2521.96305810206
2521.96305810206
2521.96305810206
2521.96305810206
2521.96305810206
2521.96305810206
2521.96305810206
2521.96305810206
2521.96305810206
2521.96305810206
2521.96305810206
2521.96305810206
2521.96305810206
2521.96305810206
2521.96305810206
2521.96305810206
2521.96305810206
2521.96305810206
2521.96305810206
2521.96305810206
2521.96305810206
2521.96305810206
2521.96305810206
2521.96305810206
2521.96305810206
2521.96305810206
2521.96305810206
2521.96305810206
2521.96305810206
2521.96305810206
2521.96305810206
2521.96305810206
2521.96305810206
2521.96305810206
2521.96305810206
2521.96305810206
2521.96305810206
2521.96305810206
2521.96305810206
2521.96305810206
2521.96305810206
2521.96305810206
2521.96305810206
2521.96305810206
2521.96305810206
2521.96305810206
2521.96305810206
2521.96305810206
2521.96305810206
2521.96305810206
2521.96305810206
2521.96305810206
2521.96305810206
2521.96305810206
2521.96305810206
2521.96305810206
2521.96305810206
2521.96305810206
2521.96305810206
2521.96305810206
2521.96305810206
2521.96305810206
2521.96305810206
2521.96305810206
2521.96305810206
2521.96305810206
2521.96305810206
2521.96305810206
2521.96305810206
2521.96305810206
2521.96305810206
2521.96305810206
2521.96305810206
2521.96305810206
2521.96305810206
2521.96305810206
2521.96305810206
2521.96305810206
2521.96305810206
2521.96305810206
2521.96305810206
2521.96305810206
2521.96305810206
2521.96305810206
2521.96305810206
2521.96305810206
2521.96305810206
2521.96305810206
2521.96305810206
2521.96305810206
2521.96305810206
2521.96305810206
2521.96305810206
2521.96305810206
2521.96305810206
2521.96305810206
2521.96305810206
2521.96305810206
2521.96305810206
2521.96305810206
2521.96305810206
2521.96305810206
2521.96305810206
2521.96305810206
2521.96305810206
2521.96305810206
2521.96305810206
2521.96305810206
2521.96305810206
2521.96305810206
2521.96305810206
2521.96305810206
2521.96305810206
2521.96305810206
2521.96305810206
2521.96305810206
2521.96305810206
2521.96305810206
2521.96305810206
2521.96305810206
2521.96305810206
2521.96305810206
2521.96305810206
2521.96305810206
2521.96305810206
2521.96305810206
2521.96305810206
2521.96305810206
2521.96305810206
2521.96305810206
2521.96305810206
2521.96305810206
2521.96305810206
2521.96305810206
2521.96305810206
2521.96305810206
2521.96305810206
2521.96305810206
2521.96305810206
2521.96305810206
2521.96305810206
2521.96305810206
2521.96305810206
2521.96305810206
2521.96305810206
2521.96305810206
2521.96305810206
2521.96305810206
2521.96305810206
2521.96305810206
2521.96305810206
2521.96305810206
2521.96305810206
2521.96305810206
2521.96305810206
2521.96305810206
2521.96305810206
2521.96305810206
2521.96305810206
2521.96305810206
2521.96305810206
2521.96305810206
2521.96305810206
2521.96305810206
2521.96305810206
2521.96305810206
2521.96305810206
2521.96305810206
2521.96305810206
2521.96305810206
2521.96305810206
2521.96305810206
2521.96305810206
2521.96305810206
2521.96305810206
2521.96305810206
2521.96305810206
2521.96305810206
2521.96305810206
2521.96305810206
2521.96305810206
2521.96305810206
2521.96305810206
2521.96305810206
2521.96305810206
2521.96305810206
2521.96305810206
2521.96305810206
2521.96305810206
2521.96305810206
2521.96305810206
2521.96305810206
2521.96305810206
2521.96305810206
2521.96305810206
2521.96305810206
2521.96305810206
2521.96305810206
2521.96305810206
2521.96305810206
2521.96305810206
2521.96305810206
2521.96305810206
2521.96305810206
2521.96305810206
2521.96305810206
2521.96305810206
2521.96305810206
2521.96305810206
2521.96305810206
2521.96305810206
2521.96305810206
2521.96305810206
2521.96305810206
2521.96305810206
2521.96305810206
2521.96305810206
2521.96305810206
2521.96305810206
2521.96305810206
2521.96305810206
2521.96305810206
2521.96305810206
2521.96305810206
2521.96305810206
2521.96305810206
2521.96305810206
2521.96305810206
2521.96305810206
2521.96305810206
2521.96305810206
2514.49420306643
2514.49420306643
2514.49420306643
2514.49420306643
2514.49420306643
2514.49420306643
2514.49420306643
2514.49420306643
2514.49420306643
2514.49420306643
2514.49420306643
2514.49420306643
2514.49420306643
2514.49420306643
2514.49420306643
2514.49420306643
2514.49420306643
2514.49420306643
2514.49420306643
2514.49420306643
2514.49420306643
2514.49420306643
2514.49420306643
2514.49420306643
2514.49420306643
2514.49420306643
2514.49420306643
2514.49420306643
2514.49420306643
2514.49420306643
2514.49420306643
2514.49420306643
2514.49420306643
2514.49420306643
2514.49420306643
2514.49420306643
2514.49420306643
2514.49420306643
2514.49420306643
2514.49420306643
2514.49420306643
2514.49420306643
2514.49420306643
2514.49420306643
2514.49420306643
2514.49420306643
2514.49420306643
2514.49420306643
2514.49420306643
2514.49420306643
2514.49420306643
2514.49420306643
2514.49420306643
2514.49420306643
2514.49420306643
2514.49420306643
2514.49420306643
2514.49420306643
2514.49420306643
2514.49420306643
2514.49420306643
2514.49420306643
2514.49420306643
2514.49420306643
2514.49420306643
2514.49420306643
2514.49420306643
2514.49420306643
2514.49420306643
2514.49420306643
2514.49420306643
2514.49420306643
2514.49420306643
2514.49420306643
2514.49420306643
2514.49420306643
2514.49420306643
2514.49420306643
2514.49420306643
2514.49420306643
2514.49420306643
2514.49420306643
2514.49420306643
2514.49420306643
2514.49420306643
2514.49420306643
2514.49420306643
2514.49420306643
2514.49420306643
2514.49420306643
2514.49420306643
2514.49420306643
2514.49420306643
2514.49420306643
2514.49420306643
2514.49420306643
2514.49420306643
2514.49420306643
2514.49420306643
2514.49420306643
2514.49420306643
2514.49420306643
2514.49420306643
2514.49420306643
2514.49420306643
2514.49420306643
2514.49420306643
2514.49420306643
2514.49420306643
2514.49420306643
2514.49420306643
2514.49420306643
2514.49420306643
2514.49420306643
2514.49420306643
2514.49420306643
2514.49420306643
2514.49420306643
2514.49420306643
2514.49420306643
2514.49420306643
2514.49420306643
2514.49420306643
2514.49420306643
2514.49420306643
2514.49420306643
2514.49420306643
2514.49420306643
2514.49420306643
2514.49420306643
2514.49420306643
2514.49420306643
2514.49420306643
2514.49420306643
2514.49420306643
2514.49420306643
2514.49420306643
2514.49420306643
2514.49420306643
2514.49420306643
2514.49420306643
2514.49420306643
2514.49420306643
2514.49420306643
2514.49420306643
2514.49420306643
2514.49420306643
2514.49420306643
2514.49420306643
2514.49420306643
2514.49420306643
2514.49420306643
2514.49420306643
2514.49420306643
2514.49420306643
2514.49420306643
2514.49420306643
2514.49420306643
2514.49420306643
2514.49420306643
2514.49420306643
2514.49420306643
2514.49420306643
2514.49420306643
2514.49420306643
2514.49420306643
2514.49420306643
2514.49420306643
2514.49420306643
2514.49420306643
2514.49420306643
2514.49420306643
2514.49420306643
2514.49420306643
2514.49420306643
2514.49420306643
2514.49420306643
2514.49420306643
2514.49420306643
2514.49420306643
2514.49420306643
2514.49420306643
2514.49420306643
2514.49420306643
2514.49420306643
2514.49420306643
2514.49420306643
2514.49420306643
2514.49420306643
2514.49420306643
2514.49420306643
2514.49420306643
2514.49420306643
2514.49420306643
2514.49420306643
2514.49420306643
2514.49420306643
2514.49420306643
2514.49420306643
2514.49420306643
2514.49420306643
2514.49420306643
2514.49420306643
2514.49420306643
2514.49420306643
2514.49420306643
2514.49420306643
2514.49420306643
2514.49420306643
2514.49420306643
2514.49420306643
2514.49420306643
2514.49420306643
2514.49420306643
2514.49420306643
2514.49420306643
2514.49420306643
2514.49420306643
2514.49420306643
2514.49420306643
2514.49420306643
2514.49420306643
2514.49420306643
2514.49420306643
2514.49420306643
2514.49420306643
2514.49420306643
2514.49420306643
2514.49420306643
2514.49420306643
2514.49420306643
2514.49420306643
2514.49420306643
2514.49420306643
2514.49420306643
2514.49420306643
2514.49420306643
2514.49420306643
2514.49420306643
2514.49420306643
2514.49420306643
2514.49420306643
2514.49420306643
2514.49420306643
2514.49420306643
2514.49420306643
2514.49420306643
2514.49420306643
2514.49420306643
2514.49420306643
2514.49420306643
2514.49420306643
2514.49420306643
2514.49420306643
2514.49420306643
2514.49420306643
2514.49420306643
2514.49420306643
2514.49420306643
2514.49420306643
2514.49420306643
2514.49420306643
2514.49420306643
2514.49420306643
2514.49420306643
2514.49420306643
2514.49420306643
2514.49420306643
2514.49420306643
2514.49420306643
2514.49420306643
2514.49420306643
2514.49420306643
2514.49420306643
2514.49420306643
2514.49420306643
2514.49420306643
2514.49420306643
2514.49420306643
2514.49420306643
2514.49420306643
2514.49420306643
2514.49420306643
2514.49420306643
2514.49420306643
2514.49420306643
2514.49420306643
2514.49420306643
2514.49420306643
2514.49420306643
2514.49420306643
2514.49420306643
2514.49420306643
2514.49420306643
2514.49420306643
2514.49420306643
2514.49420306643
2514.49420306643
2514.49420306643
2514.49420306643
2514.49420306643
2514.49420306643
2514.49420306643
2514.49420306643
2514.49420306643
2514.49420306643
2514.49420306643
2514.49420306643
2514.49420306643
2514.49420306643
2514.49420306643
2514.49420306643
2514.49420306643
2514.49420306643
2514.49420306643
2514.49420306643
2514.49420306643
2514.49420306643
2514.49420306643
2514.49420306643
2514.49420306643
2514.49420306643
2514.49420306643
2514.49420306643
2514.49420306643
2514.49420306643
2514.49420306643
2514.49420306643
2514.49420306643
2514.49420306643
2514.49420306643
2514.49420306643
2514.49420306643
2514.49420306643
2514.49420306643
2514.49420306643
2514.49420306643
2514.49420306643
2514.49420306643
2514.49420306643
2514.49420306643
2514.49420306643
2514.49420306643
2514.49420306643
2514.49420306643
2514.49420306643
2514.49420306643
2514.49420306643
2514.49420306643
2514.49420306643
2514.49420306643
2514.49420306643
2514.49420306643
2514.49420306643
2514.49420306643
2514.49420306643
2514.49420306643
2514.49420306643
2514.49420306643
2514.49420306643
2514.49420306643
2514.49420306643
2514.49420306643
2514.49420306643
2514.49420306643
2514.49420306643
2514.49420306643
2513.09542885234
2513.09542885234
2513.09542885234
2513.09542885234
2513.09542885234
2513.09542885234
2513.09542885234
2513.09542885234
2513.09542885234
2513.09542885234
2513.09542885234
2513.09542885234
2513.09542885234
2513.09542885234
2513.09542885234
2513.09542885234
2513.09542885234
2513.09542885234
2513.09542885234
2513.09542885234
2513.09542885234
2513.09542885234
2513.09542885234
2513.09542885234
2513.09542885234
2513.09542885234
2513.09542885234
2513.09542885234
2513.09542885234
2513.09542885234
2513.09542885234
2513.09542885234
2513.09542885234
2513.09542885234
2513.09542885234
2513.09542885234
2513.09542885234
2513.09542885234
2513.09542885234
2513.09542885234
2513.09542885234
2513.09542885234
2513.09542885234
2513.09542885234
2513.09542885234
2513.09542885234
2513.09542885234
2513.09542885234
2513.09542885234
2513.09542885234
2513.09542885234
2513.09542885234
2513.09542885234
2513.09542885234
2513.09542885234
2513.09542885234
2513.09542885234
2513.09542885234
2513.09542885234
2513.09542885234
2513.09542885234
2513.09542885234
2513.09542885234
2513.09542885234
2513.09542885234
2513.09542885234
2513.09542885234
2513.09542885234
2513.09542885234
2513.09542885234
2513.09542885234
2513.09542885234
2513.09542885234
2513.09542885234
2513.09542885234
2513.09542885234
2513.09542885234
2513.09542885234
2513.09542885234
2513.09542885234
2513.09542885234
2513.09542885234
2513.09542885234
2513.09542885234
2513.09542885234
2513.09542885234
2513.09542885234
2513.09542885234
2513.09542885234
2513.09542885234
2513.09542885234
2513.09542885234
2513.09542885234
2513.09542885234
2513.09542885234
2513.09542885234
2513.09542885234
2513.09542885234
2513.09542885234
2513.09542885234
2513.09542885234
2513.09542885234
2513.09246331094
2513.09246331094
2513.09246331094
2513.09246331094
2513.09246331094
2513.09246331094
2513.09246331094
2513.09246331094
2513.09246331094
2513.09246331094
2513.09246331094
2513.09246331094
2513.09246331094
2513.09246331094
2513.09246331094
2513.09246331094
2513.09246331094
2513.09246331094
2513.09246331094
2513.09246331094
2513.09246331094
2513.09246331094
2513.09246331094
2513.09246331094
2513.09246331094
2513.09246331094
2513.09246331094
2513.09246331094
2513.09246331094
2513.09246331094
2513.09246331094
2513.09246331094
2513.09246331094
2513.09246331094
2513.09246331094
2513.09246331094
2513.09246331094
2513.09246331094
2513.09246331094
2513.09246331094
2513.09246331094
2513.09246331094
2513.09246331094
2513.09246331094
2513.09246331094
2513.09246331094
2513.09246331094
2513.09246331094
2513.09246331094
2513.09246331094
2513.09246331094
2513.09246331094
2513.09246331094
2513.09246331094
2513.09246331094
2513.09246331094
2513.09246331094
2513.09246331094
2513.09246331094
2513.09246331094
2513.09246331094
2513.09246331094
2513.09246331094
2513.09246331094
2513.09246331094
2513.09246331094
2513.09246331094
2513.09246331094
2513.09246331094
2513.09246331094
2513.09246331094
2513.09246331094
2513.09246331094
2513.09246331094
2513.09246331094
2513.09246331094
2513.09246331094
2513.09246331094
2513.09246331094
2513.09246331094
2513.09246331094
2513.09246331094
2513.09246331094
2513.09246331094
2513.09246331094
2513.09246331094
2513.09246331094
2513.09246331094
2513.09246331094
2513.09246331094
2513.09246331094
2513.09246331094
2513.09246331094
2513.09246331094
2513.09246331094
2513.09246331094
2513.09246331094
2513.09246331094
2513.09246331094
2513.09246331094
2513.09246331094
2513.09246331094
2513.09246331094
2513.09246331094
2513.09246331094
2513.09246331094
2513.09246331094
2513.09246331094
2513.09246331094
2513.09246331094
2513.09246331094
2513.09246331094
2513.09246331094
2513.09246331094
2513.09246331094
2513.09246331094
2513.09246331094
2513.09246331094
2513.09246331094
2513.09246331094
2513.09246331094
2513.09246331094
2513.09246331094
2513.09246331094
2513.09246331094
2513.09246331094
2513.09246331094
2513.09246331094
2513.09246331094
2513.09246331094
2513.09246331094
2513.09246331094
2513.09246331094
2513.09246331094
2513.09246331094
2513.09246331094
2513.09246331094
2505.73213089411
2505.73213089411
2505.73213089411
2505.73213089411
2505.73213089411
2505.73213089411
2505.73213089411
2505.73213089411
2505.73213089411
2505.73213089411
2472.32086548588
2472.32086548588
2472.32086548588
2472.32086548588
2472.32086548588
2472.32086548588
2472.32086548588
2472.32086548588
2472.32086548588
2472.32086548588
2472.32086548588
2472.32086548588
2472.32086548588
2472.32086548588
2472.32086548588
2472.32086548588
2472.32086548588
2472.32086548588
2472.32086548588
2472.32086548588
2472.32086548588
2472.32086548588
2472.32086548588
2472.32086548588
2472.32086548588
2472.32086548588
2472.32086548588
2472.32086548588
2472.32086548588
2472.32086548588
2472.32086548588
2472.32086548588
2472.32086548588
2472.32086548588
2472.32086548588
2472.32086548588
2472.32086548588
2472.32086548588
2472.32086548588
2472.32086548588
2472.32086548588
2472.32086548588
2472.32086548588
2472.32086548588
2472.32086548588
2472.32086548588
2472.32086548588
2472.32086548588
2472.32086548588
2472.32086548588
2472.32086548588
2472.32086548588
2472.32086548588
2472.32086548588
2472.32086548588
2472.32086548588
2472.32086548588
2472.32086548588
2472.32086548588
2472.32086548588
2472.32086548588
2472.32086548588
2472.32086548588
2472.32086548588
2472.32086548588
2472.32086548588
2472.32086548588
2472.32086548588
2472.32086548588
2472.32086548588
2472.32086548588
2472.32086548588
2472.32086548588
2472.32086548588
2472.32086548588
2472.32086548588
2472.32086548588
2472.32086548588
2472.32086548588
2472.32086548588
2472.32086548588
2472.32086548588
2472.32086548588
2472.32086548588
2472.32086548588
2472.32086548588
2472.32086548588
2472.32086548588
2472.32086548588
2472.32086548588
2472.32086548588
2472.32086548588
2472.32086548588
2472.32086548588
2472.32086548588
2472.32086548588
2472.32086548588
2472.32086548588
2472.32086548588
2472.32086548588
2472.32086548588
2472.32086548588
2472.32086548588
2472.32086548588
2472.32086548588
2472.32086548588
2472.32086548588
2472.32086548588
2472.32086548588
2472.32086548588
2472.32086548588
2472.32086548588
2472.32086548588
2472.32086548588
2472.32086548588
2472.32086548588
2472.32086548588
2472.32086548588
2472.32086548588
2472.32086548588
2472.32086548588
2472.32086548588
2472.32086548588
2472.32086548588
2472.32086548588
2472.32086548588
2472.32086548588
2472.32086548588
2472.32086548588
2472.32086548588
2472.32086548588
2472.32086548588
2472.32086548588
2472.32086548588
2472.32086548588
2472.32086548588
2472.32086548588
2472.32086548588
2472.32086548588
2472.32086548588
2472.32086548588
2472.32086548588
2472.32086548588
2472.32086548588
2472.32086548588
2472.32086548588
2472.32086548588
2472.32086548588
2472.32086548588
2472.32086548588
2472.32086548588
2472.32086548588
2472.32086548588
2472.32086548588
2472.32086548588
2472.32086548588
2472.32086548588
2472.32086548588
2472.32086548588
2472.32086548588
2472.32086548588
2472.32086548588
2472.32086548588
2472.32086548588
2472.32086548588
2472.32086548588
2472.32086548588
2472.32086548588
2472.32086548588
2472.32086548588
2472.32086548588
2472.32086548588
2472.32086548588
2472.32086548588
2472.32086548588
2472.32086548588
2472.32086548588
2472.32086548588
2472.32086548588
2472.32086548588
2472.32086548588
2472.32086548588
2472.32086548588
2472.32086548588
2472.32086548588
2472.32086548588
2472.32086548588
2472.32086548588
2472.32086548588
2472.32086548588
2472.32086548588
2472.32086548588
2472.32086548588
2472.32086548588
2472.32086548588
2472.32086548588
2472.32086548588
2472.32086548588
2472.32086548588
2472.32086548588
2472.32086548588
2472.32086548588
2472.32086548588
2472.32086548588
2472.32086548588
2472.32086548588
2472.32086548588
2472.32086548588
2472.32086548588
2472.32086548588
2472.32086548588
2472.32086548588
2472.32086548588
2472.32086548588
2472.32086548588
2472.32086548588
2472.32086548588
2472.32086548588
2472.32086548588
2472.32086548588
2472.32086548588
2472.32086548588
2472.32086548588
2472.32086548588
2472.32086548588
2472.32086548588
2472.32086548588
2472.32086548588
2472.32086548588
2472.32086548588
2472.32086548588
2472.32086548588
2472.32086548588
2472.32086548588
2472.32086548588
2472.32086548588
2472.32086548588
2472.32086548588
2472.32086548588
2472.32086548588
2472.32086548588
2472.32086548588
2472.32086548588
2472.32086548588
2472.32086548588
2472.32086548588
2472.32086548588
2472.32086548588
2472.32086548588
2472.32086548588
2472.32086548588
2472.32086548588
2472.32086548588
2472.32086548588
2472.32086548588
2472.32086548588
2472.32086548588
2472.32086548588
2472.32086548588
2472.32086548588
2472.32086548588
2472.32086548588
2472.32086548588
2472.32086548588
2472.32086548588
2472.32086548588
2472.32086548588
2472.32086548588
2472.32086548588
2472.32086548588
2472.32086548588
2472.32086548588
2472.32086548588
2472.32086548588
2472.32086548588
2472.32086548588
2472.32086548588
2472.32086548588
2472.32086548588
2472.32086548588
2472.32086548588
2472.32086548588
2472.32086548588
2472.32086548588
2472.32086548588
2472.32086548588
2472.32086548588
2472.32086548588
2472.32086548588
2472.32086548588
2472.32086548588
2472.32086548588
2472.32086548588
2472.32086548588
2472.32086548588
2472.32086548588
2472.32086548588
2472.32086548588
2472.32086548588
2472.32086548588
2472.32086548588
2472.32086548588
2472.32086548588
2472.32086548588
2472.32086548588
2472.32086548588
2472.32086548588
2472.32086548588
2472.32086548588
2472.32086548588
2472.32086548588
2472.32086548588
2472.32086548588
2472.32086548588
2472.32086548588
2472.32086548588
2472.32086548588
2472.32086548588
2472.32086548588
2472.32086548588
2472.32086548588
2472.32086548588
2472.32086548588
2472.32086548588
2472.32086548588
2472.32086548588
2472.32086548588
2472.32086548588
2472.32086548588
2472.32086548588
2472.32086548588
2472.32086548588
2472.32086548588
2472.32086548588
2472.32086548588
2472.32086548588
2472.32086548588
2472.32086548588
2472.32086548588
2472.32086548588
2472.32086548588
2472.32086548588
2472.32086548588
2472.32086548588
2472.32086548588
2472.32086548588
2472.32086548588
2472.32086548588
2472.32086548588
2472.32086548588
2472.32086548588
2472.32086548588
2472.32086548588
2472.32086548588
2472.32086548588
2472.32086548588
2472.32086548588
2472.32086548588
2472.32086548588
2472.32086548588
2472.32086548588
2472.32086548588
2472.32086548588
2472.32086548588
2472.32086548588
2472.32086548588
2472.32086548588
2472.32086548588
2472.32086548588
2472.32086548588
2472.32086548588
2472.32086548588
2472.32086548588
2472.32086548588
2472.32086548588
2472.32086548588
2472.32086548588
2472.32086548588
2472.32086548588
2472.32086548588
2472.32086548588
2472.32086548588
2472.32086548588
2472.32086548588
2472.32086548588
2472.32086548588
2472.32086548588
2472.32086548588
2472.32086548588
2472.32086548588
2472.32086548588
2472.32086548588
2472.32086548588
2472.32086548588
2472.32086548588
2472.32086548588
2472.32086548588
2472.32086548588
2472.32086548588
2472.32086548588
2472.32086548588
2472.32086548588
2472.32086548588
2472.32086548588
2472.32086548588
2472.32086548588
2472.32086548588
2472.32086548588
2472.32086548588
2472.32086548588
2472.32086548588
2472.32086548588
2472.32086548588
2472.32086548588
2472.32086548588
2472.32086548588
2472.32086548588
2472.32086548588
2472.32086548588
2472.32086548588
2472.32086548588
2472.32086548588
2472.32086548588
2472.32086548588
2472.32086548588
2472.32086548588
2472.32086548588
2472.32086548588
2472.32086548588
2472.32086548588
2472.32086548588
2472.32086548588
2472.32086548588
2472.32086548588
2472.32086548588
2472.32086548588
2472.32086548588
2472.32086548588
2472.32086548588
2472.32086548588
2472.32086548588
2472.32086548588
2472.32086548588
2472.32086548588
2472.32086548588
2472.32086548588
2472.32086548588
2472.32086548588
2472.32086548588
2472.32086548588
2472.32086548588
2472.32086548588
2472.32086548588
2472.32086548588
2472.32086548588
2472.32086548588
2472.32086548588
2472.32086548588
2472.32086548588
2472.32086548588
2472.32086548588
2472.32086548588
2472.32086548588
2472.32086548588
2472.32086548588
2472.32086548588
2472.32086548588
2472.32086548588
2472.32086548588
2472.32086548588
2472.32086548588
2472.32086548588
2472.32086548588
2472.32086548588
2472.32086548588
2472.32086548588
2472.32086548588
2472.32086548588
2472.32086548588
2472.32086548588
2472.32086548588
2472.32086548588
2472.32086548588
2472.32086548588
2472.32086548588
2472.32086548588
2472.32086548588
2472.32086548588
2472.32086548588
2472.32086548588
2472.32086548588
2472.32086548588
2472.32086548588
2472.32086548588
2472.32086548588
2472.32086548588
2472.32086548588
2472.32086548588
2472.32086548588
2472.32086548588
2472.32086548588
2472.32086548588
2472.32086548588
2472.32086548588
2472.32086548588
2472.32086548588
2472.32086548588
2472.32086548588
2472.32086548588
2472.32086548588
2472.32086548588
2472.32086548588
2472.32086548588
2472.32086548588
2472.32086548588
2472.32086548588
2472.32086548588
2472.32086548588
2472.32086548588
2472.32086548588
2472.32086548588
2472.32086548588
2472.32086548588
2472.32086548588
2472.32086548588
2472.32086548588
2472.32086548588
2472.32086548588
2472.32086548588
2472.32086548588
2472.32086548588
2472.32086548588
2472.32086548588
2472.32086548588
2472.32086548588
2472.32086548588
2472.32086548588
2472.32086548588
2472.32086548588
2472.32086548588
2472.32086548588
2472.32086548588
2472.32086548588
2472.32086548588
2472.32086548588
2472.32086548588
2472.32086548588
2472.32086548588
2472.32086548588
2472.32086548588
2472.32086548588
2472.32086548588
2472.32086548588
2472.32086548588
2472.32086548588
2472.32086548588
2472.32086548588
2472.32086548588
2472.32086548588
2472.32086548588
2472.32086548588
2472.32086548588
2472.32086548588
2472.32086548588
2472.32086548588
2472.32086548588
2472.32086548588
2472.32086548588
2472.32086548588
2472.32086548588
2472.32086548588
2472.32086548588
2472.32086548588
2472.32086548588
2472.32086548588
2472.32086548588
2472.32086548588
2472.32086548588
2472.32086548588
2472.32086548588
2472.32086548588
2472.32086548588
2472.32086548588
2472.32086548588
2472.32086548588
2472.32086548588
2472.32086548588
2472.32086548588
2472.32086548588
2472.32086548588
2472.32086548588
2472.32086548588
2472.32086548588
2472.32086548588
2472.32086548588
2472.32086548588
2472.32086548588
2472.32086548588
2472.32086548588
2472.32086548588
2472.32086548588
2472.32086548588
2472.32086548588
2472.32086548588
2472.32086548588
2472.32086548588
2472.32086548588
2472.32086548588
2472.32086548588
2472.32086548588
2472.32086548588
2472.32086548588
2472.32086548588
2472.32086548588
2472.32086548588
2472.32086548588
2472.32086548588
2472.32086548588
2472.32086548588
2472.32086548588
2472.32086548588
2472.32086548588
2472.32086548588
2472.32086548588
2472.32086548588
2472.32086548588
2472.32086548588
2472.32086548588
2472.32086548588
2472.32086548588
2472.32086548588
2472.32086548588
2472.32086548588
2472.32086548588
2472.32086548588
2472.32086548588
2472.32086548588
2472.32086548588
2472.32086548588
2472.32086548588
2472.32086548588
2472.32086548588
2472.32086548588
2472.32086548588
2472.32086548588
2472.32086548588
2472.32086548588
2472.32086548588
2472.32086548588
2472.32086548588
2472.32086548588
2472.32086548588
2472.32086548588
2472.32086548588
2472.32086548588
2472.32086548588
2472.32086548588
2472.32086548588
2472.32086548588
2472.32086548588
2472.32086548588
2472.32086548588
2472.32086548588
2472.32086548588
2472.32086548588
2472.32086548588
2472.32086548588
2472.32086548588
2472.32086548588
2472.32086548588
2472.32086548588
2472.32086548588
2472.32086548588
2472.32086548588
2472.32086548588
2472.32086548588
2472.32086548588
2472.32086548588
2472.32086548588
2472.32086548588
2472.32086548588
2472.32086548588
2472.32086548588
2472.32086548588
2472.32086548588
2472.32086548588
2472.32086548588
2472.32086548588
2472.32086548588
2472.32086548588
2472.32086548588
2472.32086548588
2472.32086548588
2472.32086548588
2472.32086548588
2472.32086548588
2472.32086548588
2472.32086548588
2472.32086548588
2472.32086548588
2472.32086548588
2472.32086548588
2472.32086548588
2472.32086548588
2472.32086548588
2472.32086548588
2472.32086548588
2472.32086548588
2472.32086548588
2472.32086548588
2472.32086548588
2472.32086548588
2472.32086548588
2472.32086548588
2472.32086548588
2472.32086548588
2472.32086548588
2472.32086548588
2472.32086548588
2472.32086548588
2472.32086548588
2472.32086548588
2472.32086548588
2472.32086548588
2472.32086548588
2472.32086548588
2472.32086548588
2472.32086548588
2472.32086548588
2472.32086548588
2472.32086548588
2472.32086548588
2472.32086548588
2472.32086548588
2472.32086548588
2472.32086548588
2472.32086548588
2472.32086548588
2472.32086548588
2472.32086548588
2472.32086548588
2472.32086548588
2472.32086548588
2472.32086548588
2472.32086548588
2472.32086548588
2472.32086548588
2472.32086548588
2472.32086548588
2472.32086548588
2472.32086548588
2472.32086548588
2472.32086548588
2472.32086548588
2472.32086548588
2472.32086548588
2472.32086548588
2472.32086548588
2472.32086548588
2472.32086548588
2472.32086548588
2472.32086548588
2472.32086548588
2472.32086548588
2472.32086548588
2472.32086548588
2472.32086548588
2472.32086548588
2472.32086548588
2472.32086548588
2472.32086548588
2472.32086548588
2472.32086548588
2472.32086548588
2472.32086548588
2472.32086548588
2472.32086548588
2472.32086548588
2472.32086548588
2472.32086548588
2472.32086548588
2472.32086548588
2472.32086548588
2472.32086548588
2472.32086548588
2472.32086548588
2472.32086548588
2472.32086548588
2472.32086548588
2472.32086548588
2472.32086548588
2472.32086548588
2472.32086548588
2472.32086548588
2472.32086548588
2472.32086548588
2472.32086548588
2472.32086548588
2472.32086548588
2472.32086548588
2472.32086548588
2472.32086548588
2472.32086548588
2472.32086548588
2472.32086548588
2472.32086548588
2472.32086548588
2472.32086548588
2472.32086548588
2472.32086548588
2472.32086548588
2472.32086548588
2472.32086548588
2472.32086548588
2472.31846082077
2472.31846082077
2472.26528105954
2472.26528105954
2471.55601082279
2471.55601082279
2471.55601082279
2471.55601082279
2471.55601082279
2471.55601082279
2471.55601082279
2471.55601082279
2471.55601082279
2471.55601082279
2471.55601082279
2471.55601082279
2471.55601082279
2471.55601082279
2471.55601082279
2471.55601082279
2471.55601082279
2471.55601082279
2471.55601082279
2471.55601082279
2471.55601082279
2471.55601082279
2471.55601082279
2471.55601082279
2471.55601082279
2471.55601082279
2471.55601082279
2471.55601082279
2456.2423698999
2456.2423698999
2456.2423698999
2456.2423698999
2456.2423698999
2456.2423698999
2456.2423698999
2456.2423698999
2456.2423698999
2456.2423698999
2456.2423698999
2456.2423698999
2456.2423698999
2456.2423698999
2456.2423698999
2456.2423698999
2456.2423698999
2456.2423698999
2456.2423698999
2456.2423698999
2456.2423698999
2456.2423698999
2456.2423698999
2456.2423698999
2456.2423698999
2456.2423698999
2456.2423698999
2456.2423698999
2456.2423698999
2456.2423698999
2456.2423698999
2456.2423698999
2456.2423698999
2454.44910781542
2454.44910781542
2450.8551931828
2450.8551931828
2450.8551931828
2450.8551931828
2450.8551931828
2450.8551931828
2450.8551931828
2450.8551931828
2450.8551931828
2450.8551931828
2450.8551931828
2450.8551931828
2450.8551931828
2450.8551931828
2450.8551931828
2440.12213201582
2440.12213201582
2440.12213201582
2440.12213201582
2440.12213201582
2440.12213201582
2413.62914992447
2413.62914992447
2413.62914992447
2413.62914992447
2413.62914992447
2413.62914992447
2413.62914992447
2413.62914992447
2413.62914992447
2413.62914992447
2413.62914992447
2413.62914992447
2413.62914992447
2413.62914992447
2413.62914992447
2413.62914992447
2413.62914992447
2413.62914992447
2413.62914992447
2413.62914992447
2413.62914992447
2413.62914992447
2413.62914992447
2413.62914992447
2413.62914992447
2413.62914992447
2413.62914992447
2413.62914992447
2413.62914992447
2413.62914992447
2413.62914992447
2413.62914992447
2413.62914992447
2413.62914992447
2413.62914992447
2413.62914992447
2413.62914992447
2413.62914992447
2413.62914992447
2413.62914992447
2413.62914992447
2413.62914992447
2413.62914992447
2413.62914992447
2413.62914992447
2413.62914992447
2413.62914992447
2413.62914992447
2413.62914992447
2413.62914992447
2413.62914992447
2413.62914992447
2413.62914992447
2413.62914992447
2413.62914992447
2413.62914992447
2413.62914992447
2413.62914992447
2413.62914992447
2413.62914992447
2413.62914992447
2413.62914992447
2413.62914992447
2413.62914992447
2413.62914992447
2413.62914992447
2413.62914992447
2413.62914992447
2413.62914992447
2413.62914992447
2413.62914992447
2413.62914992447
2413.62914992447
2413.62914992447
2413.62914992447
2413.62914992447
2413.62914992447
2413.62914992447
2413.62914992447
2413.62914992447
2413.62914992447
2413.62914992447
2413.62914992447
2413.62914992447
2413.62914992447
2413.62914992447
2413.62914992447
2413.62914992447
2413.62914992447
2413.62914992447
2413.62914992447
2413.62914992447
2413.62914992447
2413.62914992447
2413.62914992447
2413.62914992447
2413.62914992447
2413.62914992447
2413.62914992447
2413.62914992447
2413.62914992447
2413.62914992447
2413.62914992447
2413.62914992447
2413.62914992447
2413.62914992447
2413.62914992447
2413.62914992447
2413.62914992447
2413.62914992447
2413.62914992447
2413.62914992447
2413.62914992447
2413.62914992447
2413.62914992447
2413.62914992447
2413.62914992447
2413.62914992447
2413.62914992447
2413.62914992447
2413.62914992447
2413.62914992447
2413.62914992447
2413.62914992447
2413.62914992447
2413.62914992447
2413.62914992447
2413.62914992447
2413.62914992447
2413.62914992447
2413.62914992447
2413.62914992447
2413.62914992447
2413.62914992447
2413.62914992447
2413.62914992447
2413.62914992447
2413.62914992447
2413.62914992447
2413.62914992447
2413.62914992447
2413.62914992447
2413.62914992447
2413.62914992447
2413.62914992447
2413.62914992447
2413.62914992447
2413.62914992447
2413.62914992447
2413.62914992447
2413.62914992447
2413.62914992447
2413.62914992447
2413.62914992447
2413.62914992447
2413.62914992447
2413.62914992447
2413.62914992447
2413.62914992447
2413.62914992447
2413.62914992447
2413.62914992447
2413.62914992447
2413.62914992447
2413.62914992447
2413.62914992447
2413.62914992447
2413.62914992447
2413.62914992447
2413.62914992447
2413.62914992447
2413.62914992447
2413.62914992447
2413.62914992447
2413.62914992447
2413.62914992447
2413.62914992447
2413.62914992447
2413.62914992447
2413.62914992447
2413.62914992447
2413.62914992447
2413.62914992447
2413.62914992447
2413.62914992447
2413.62914992447
2413.62914992447
2413.62914992447
2413.62914992447
2413.62914992447
2413.62914992447
2413.62914992447
2413.62914992447
2413.62914992447
2413.62914992447
2413.62914992447
2413.62914992447
2413.62914992447
2413.62914992447
2413.62914992447
2413.62914992447
2413.62914992447
2413.62914992447
2413.62914992447
2413.62914992447
2413.62914992447
2413.62914992447
2413.62914992447
2413.62914992447
2413.62914992447
2413.62914992447
2413.62914992447
2413.62914992447
2413.62914992447
2413.62914992447
2413.62914992447
2413.62914992447
2413.62914992447
2413.62914992447
2413.62914992447
2413.62914992447
2413.62914992447
2413.62914992447
2413.62914992447
2413.62914992447
2413.62914992447
2413.62914992447
2413.62914992447
2413.62914992447
2413.62914992447
2413.62914992447
2413.62914992447
2413.62914992447
2413.62914992447
2413.62914992447
2413.62914992447
2413.62914992447
2413.62914992447
2413.62914992447
2413.62914992447
2413.62914992447
2413.62914992447
2413.62914992447
2413.62914992447
2413.62914992447
2413.62914992447
2413.62914992447
2413.62914992447
2413.62914992447
2413.62914992447
2413.62914992447
2413.62914992447
2413.62914992447
2413.62914992447
2413.62914992447
2413.62914992447
2413.62914992447
2413.62914992447
2413.62914992447
2413.62914992447
2413.62914992447
2413.62914992447
2413.62914992447
2413.62914992447
2413.62914992447
2413.62914992447
2413.62914992447
2413.62914992447
2413.62914992447
2413.62914992447
2413.62914992447
2413.62914992447
2413.62914992447
2413.62914992447
2413.62914992447
2413.62914992447
2413.62914992447
2413.62914992447
2413.62914992447
2413.62914992447
2413.62914992447
2413.62914992447
2413.62914992447
2413.62914992447
2413.62914992447
2413.62914992447
2413.62914992447
2413.62914992447
2413.62914992447
2413.62914992447
2413.62914992447
2413.62914992447
2413.62914992447
2413.62914992447
2413.62914992447
2413.62914992447
2413.62914992447
2413.62914992447
2413.62914992447
2413.62914992447
2413.62914992447
2413.62914992447
2413.62914992447
2413.62914992447
2413.62914992447
2413.62914992447
2413.62914992447
2413.62914992447
2413.62914992447
2413.62914992447
2413.62914992447
2413.62914992447
2413.62914992447
2413.62914992447
2413.62914992447
2413.62914992447
2413.62914992447
2413.62914992447
2413.62914992447
2413.62914992447
2413.62914992447
2413.62914992447
2413.62914992447
2413.62914992447
2413.62914992447
2413.62914992447
2413.62914992447
2413.62914992447
2413.62914992447
2413.62914992447
2413.62914992447
2413.62914992447
2413.62914992447
2413.62914992447
2413.62914992447
2413.62914992447
2413.62914992447
2413.62914992447
2413.62914992447
2413.62914992447
2413.62914992447
2413.62914992447
2413.62914992447
2413.62914992447
2413.62914992447
2413.62914992447
2413.62914992447
2413.62914992447
2413.62914992447
2413.62914992447
2413.62914992447
2413.62914992447
2413.62914992447
2413.62914992447
2413.62914992447
2413.62914992447
2413.62914992447
2413.62914992447
2413.62914992447
2413.62914992447
2413.62914992447
2413.62914992447
2413.62914992447
2413.62914992447
2413.62914992447
2413.62914992447
2413.62914992447
2413.62914992447
2413.62914992447
2413.62914992447
2413.62914992447
2413.62914992447
2413.62914992447
2413.62914992447
2413.62914992447
2413.62914992447
2413.62914992447
2413.62914992447
2413.62914992447
2413.62914992447
2413.62914992447
2413.62914992447
2413.62914992447
2413.62914992447
2413.62914992447
2413.62914992447
2413.62914992447
2413.62914992447
2413.62914992447
2413.62914992447
2413.62914992447
2413.62914992447
2413.62914992447
2413.62914992447
2413.62914992447
2413.62914992447
2413.62914992447
2413.62914992447
2413.62914992447
2413.62914992447
2413.62914992447
2413.62914992447
2413.62914992447
2413.62914992447
2413.62914992447
2413.62914992447
2413.62914992447
2413.62914992447
2413.09125862567
2413.09125862567
2413.09125862567
2413.09125862567
2413.09125862567
2413.09125862567
2413.09125862567
2413.09125862567
2413.09125862567
2413.09125862567
2413.09125862567
2413.09125862567
2413.09125862567
2413.09125862567
2413.09125862567
2413.09125862567
2413.09125862567
2413.09125862567
2413.09125862567
2413.09125862567
2413.09125862567
2413.09125862567
2413.09125862567
2413.09125862567
2413.09125862567
2413.09125862567
2413.09125862567
2413.09125862567
2413.09125862567
2413.09125862567
2413.09125862567
2413.09125862567
2413.09125862567
2413.09125862567
2413.09125862567
2413.09125862567
2413.09125862567
2413.09125862567
2413.09125862567
2413.09125862567
2413.09125862567
2413.09125862567
2413.09125862567
2413.09125862567
2413.09125862567
2413.09125862567
2413.09125862567
2413.09125862567
2413.09125862567
2413.09125862567
2413.09125862567
2413.09125862567
2413.09125862567
2413.09125862567
2412.67828881482
2412.67828881482
2412.67828881482
2412.67828881482
2412.67828881482
2412.67828881482
2412.67828881482
2412.67828881482
2412.67828881482
2412.67828881482
2412.67828881482
2412.67828881482
2412.67828881482
2412.67828881482
2412.67828881482
2412.67828881482
2412.67828881482
2412.67828881482
2412.67828881482
2412.67828881482
2412.67828881482
2412.67828881482
2412.67828881482
2412.67828881482
2412.67828881482
2412.67828881482
2412.67828881482
2412.67828881482
2412.67828881482
2412.67828881482
2412.67828881482
2412.67828881482
2412.67828881482
2412.67828881482
2412.67828881482
2412.67828881482
2412.67828881482
2412.67828881482
2412.67828881482
2412.67828881482
2412.67828881482
2412.67828881482
2412.67828881482
2412.67828881482
2412.67828881482
2412.67828881482
2412.67828881482
2412.67828881482
2412.67828881482
2412.67828881482
2412.67828881482
2412.67828881482
2412.67828881482
2412.67828881482
2412.67828881482
2412.67828881482
2412.67828881482
2412.67828881482
2412.67828881482
2412.67828881482
2412.67828881482
2412.67828881482
2412.67828881482
2412.67828881482
2412.67828881482
2412.67828881482
2412.67828881482
2412.67828881482
2412.67828881482
2412.67828881482
2411.19371327159
2411.19371327159
2411.19371327159
2411.19371327159
2411.19371327159
2411.19371327159
2411.19371327159
2411.19371327159
2411.19371327159
2411.19371327159
2411.19371327159
2411.19371327159
2411.19371327159
2411.19371327159
2411.19371327159
2411.19371327159
2411.19371327159
2411.19371327159
2411.19371327159
2411.19371327159
2411.19371327159
2411.19371327159
2411.19371327159
2411.19371327159
2411.19371327159
2411.19371327159
2411.19371327159
2411.19371327159
2411.19371327159
2411.19371327159
2411.19371327159
2411.19371327159
2411.19371327159
2411.19371327159
2411.19371327159
2411.19371327159
2411.19371327159
2411.19371327159
2411.19371327159
2411.19371327159
2411.19371327159
2411.19371327159
2411.19371327159
2411.19371327159
2411.19371327159
2411.19371327159
2411.19371327159
2411.19371327159
2411.19371327159
2411.19371327159
2411.19371327159
2411.19371327159
2411.19371327159
2411.19371327159
2411.19371327159
2411.19371327159
2411.19371327159
2411.19371327159
2411.19371327159
2411.19371327159
2411.19371327159
2411.19371327159
2411.19371327159
2411.19371327159
2411.19371327159
2411.19371327159
2411.19371327159
2411.19371327159
2411.19371327159
2411.19371327159
2411.19371327159
2411.19371327159
2411.19371327159
2411.19371327159
2411.19371327159
2411.19371327159
2411.19371327159
2411.19371327159
2411.19371327159
2411.19371327159
2411.19371327159
2411.19371327159
2411.19371327159
2411.19371327159
2411.19371327159
2411.19371327159
2411.19371327159
2411.19371327159
2411.19371327159
2411.19371327159
2411.19371327159
2411.19371327159
2411.19371327159
2411.19371327159
2411.19371327159
2411.19371327159
2411.19371327159
2411.19371327159
2411.19371327159
2411.19371327159
2411.19371327159
2411.19371327159
2411.19371327159
2411.19371327159
2411.19371327159
2411.19371327159
2411.19371327159
2411.19371327159
2411.19371327159
2411.19371327159
2411.19371327159
2411.19371327159
2411.19371327159
2411.19371327159
2411.19371327159
2411.19371327159
2411.19371327159
2411.19371327159
2411.19371327159
2411.19371327159
2411.19371327159
2411.19371327159
2411.19371327159
2411.19371327159
2411.19371327159
2411.19371327159
2411.19371327159
2411.19371327159
2411.19371327159
2411.19371327159
2411.19371327159
2411.19371327159
2411.19371327159
2411.19371327159
2411.19371327159
2411.19371327159
2411.19371327159
2411.19371327159
2411.19371327159
2411.19371327159
2411.19371327159
2411.19371327159
2411.19371327159
2411.19371327159
2411.19371327159
2411.19371327159
2411.19371327159
2411.19371327159
2411.19371327159
2411.19371327159
2411.19371327159
2411.19371327159
2411.19371327159
2411.19371327159
2411.19371327159
2411.19371327159
2411.19371327159
2411.19371327159
2411.19371327159
2411.19371327159
2411.19371327159
2411.19371327159
2411.19371327159
2411.19371327159
2411.19371327159
2411.19371327159
2411.19371327159
2411.19371327159
2411.19371327159
2411.19371327159
2411.19371327159
2411.19371327159
2411.19371327159
2411.19371327159
2411.19371327159
2411.19371327159
2411.19371327159
2411.19371327159
2411.19371327159
2411.19371327159
2411.19371327159
2411.19371327159
2411.19371327159
2411.19371327159
2411.19371327159
2411.19371327159
2411.19371327159
2411.19371327159
2411.19371327159
2411.19371327159
2411.19371327159
2411.19371327159
2411.19371327159
2411.19371327159
2411.19371327159
2411.19371327159
2411.19371327159
2411.19371327159
2411.19371327159
2411.19371327159
2411.19371327159
2411.19371327159
2411.19371327159
2411.19371327159
2411.19371327159
2411.19371327159
2411.19371327159
2411.19371327159
2411.19371327159
2411.19371327159
2411.19371327159
2411.19371327159
2411.19371327159
2411.19371327159
2411.19371327159
2411.19371327159
2411.19371327159
2411.19371327159
2411.19371327159
2411.19371327159
2411.19371327159
2411.19371327159
2411.19371327159
2411.19371327159
2411.19371327159
2411.19371327159
2411.19371327159
2411.19371327159
2411.19371327159
2411.19371327159
2411.19371327159
2411.13316922132
2411.13316922132
2411.13316922132
2411.13316922132
2411.13316922132
2411.13316922132
2411.13316922132
2411.13316922132
2411.13316922132
2411.13316922132
2411.13316922132
2406.09256439502
2406.09256439502
2406.09256439502
2406.09256439502
2406.09256439502
2406.09256439502
2406.09256439502
2406.09256439502
2406.09256439502
2406.09256439502
2406.09256439502
2406.09256439502
2406.09256439502
2406.09256439502
2406.09256439502
2406.09256439502
2406.09256439502
2406.09256439502
2406.09256439502
2406.09256439502
2406.09256439502
2406.09256439502
2406.09256439502
2406.09256439502
2406.09256439502
2406.09256439502
2406.09256439502
2406.09256439502
2406.09256439502
2406.09256439502
2406.09256439502
2406.09256439502
2406.09256439502
2406.09256439502
2406.09256439502
2406.09256439502
2406.09256439502
2406.09256439502
2406.09256439502
2406.09256439502
2406.09256439502
2406.09256439502
2406.09256439502
2406.09256439502
2406.09256439502
2406.09256439502
2406.09256439502
2406.09256439502
2406.09256439502
2406.09256439502
2406.09256439502
2406.09256439502
2406.09256439502
2406.09256439502
2406.09256439502
2406.09256439502
2406.09256439502
2406.09256439502
2406.09256439502
2406.09256439502
2406.09256439502
2406.09256439502
2406.09256439502
2406.09256439502
2406.09256439502
2406.09256439502
2406.09256439502
2406.09256439502
2406.09256439502
2406.09256439502
2406.09256439502
2406.09256439502
2406.09256439502
2406.09256439502
2406.09256439502
2406.09256439502
2406.09256439502
2406.09256439502
2406.09256439502
2406.09256439502
2406.09256439502
2406.09256439502
2406.09256439502
2406.09256439502
2406.09256439502
2406.09256439502
2406.09256439502
2406.09256439502
2406.09256439502
2406.09256439502
2406.09256439502
2406.09256439502
2406.09256439502
2406.09256439502
2406.09256439502
2406.09256439502
2406.09256439502
2406.09256439502
2406.09256439502
2406.09256439502
2406.09256439502
2406.09256439502
2406.09256439502
2406.09256439502
2406.09256439502
2406.09256439502
2406.09256439502
2406.09256439502
2406.09256439502
2406.09256439502
2406.09256439502
2406.09256439502
2406.09256439502
2406.09256439502
2406.09256439502
2406.09256439502
2406.09256439502
2406.09256439502
2406.09256439502
2406.09256439502
2406.09256439502
2406.09256439502
2406.09256439502
2406.09256439502
2406.09256439502
2406.09256439502
2406.09256439502
2406.09256439502
2406.09256439502
2406.09256439502
2406.09256439502
2406.09256439502
2406.09256439502
2406.09256439502
2406.09256439502
2406.09256439502
2406.09256439502
2406.09256439502
2406.09256439502
2406.09256439502
2406.09256439502
2406.09256439502
2406.09256439502
2406.09256439502
2406.09256439502
2406.09256439502
2406.09256439502
2406.09256439502
2406.09256439502
2406.09256439502
2406.09256439502
2406.09256439502
2406.09256439502
2406.09256439502
2406.09256439502
2406.09256439502
2406.09256439502
2406.09256439502
2406.09256439502
2406.09256439502
2406.09256439502
2406.09256439502
2406.09256439502
2406.09256439502
2406.09256439502
2406.09256439502
2406.09256439502
2406.09256439502
2406.09256439502
2406.09256439502
2406.09256439502
2406.09256439502
2406.09256439502
2406.09256439502
2406.09256439502
2406.09256439502
2406.09256439502
2406.09256439502
2406.09256439502
2406.09256439502
2406.09256439502
2406.09256439502
2406.09256439502
2406.09256439502
2406.09256439502
2406.09256439502
2406.09256439502
2406.09256439502
2406.09256439502
2406.09256439502
2406.09256439502
2406.09256439502
2406.09256439502
2406.09256439502
2406.09256439502
2406.09256439502
2406.09256439502
2406.09256439502
2406.09256439502
2406.09256439502
2406.09256439502
2406.09256439502
2406.09256439502
2406.09256439502
2406.09256439502
2406.09256439502
2406.09256439502
2406.09256439502
2406.09256439502
2406.09256439502
2406.09256439502
2406.09256439502
2406.09256439502
2406.09256439502
2406.09256439502
2406.09256439502
2406.09256439502
2406.09256439502
2406.09256439502
2406.09256439502
2406.09256439502
2406.09256439502
2406.09256439502
2406.09256439502
2406.09256439502
2406.09256439502
2406.09256439502
2406.09256439502
2406.09256439502
2406.09256439502
2406.09256439502
2406.09256439502
2406.09256439502
2406.09256439502
2406.09256439502
2406.09256439502
2406.09256439502
2406.09256439502
2406.09256439502
2406.09256439502
2406.09256439502
2406.09256439502
2406.09256439502
2406.09256439502
2406.09256439502
2406.09256439502
2406.09256439502
2406.09256439502
2406.09256439502
2406.09256439502
2406.09256439502
2406.09256439502
2406.09256439502
2406.09256439502
2406.09256439502
2406.09256439502
2406.09256439502
2406.09256439502
2406.09256439502
2406.09256439502
2406.09256439502
2406.09256439502
2406.09256439502
2406.09256439502
2406.09256439502
2406.09256439502
2406.09256439502
2406.09256439502
2406.09256439502
2406.09256439502
2406.09256439502
2406.09256439502
2406.09256439502
2406.09256439502
2406.09256439502
2406.09256439502
2406.09256439502
2406.09256439502
2406.09256439502
2406.09256439502
2406.09256439502
2406.09256439502
2406.09256439502
2406.09256439502
2406.09256439502
2406.09256439502
2406.09256439502
2406.09256439502
2406.09256439502
2406.09256439502
2406.09256439502
2406.09256439502
2406.09256439502
2406.09256439502
2406.09256439502
2406.09256439502
2406.09256439502
2406.09256439502
2406.09256439502
2406.09256439502
2406.09256439502
2406.09256439502
2406.09256439502
2406.09256439502
2406.09256439502
2406.09256439502
2406.09256439502
2406.09256439502
2406.09256439502
2406.09256439502
2406.09256439502
2406.09256439502
2406.09256439502
2406.09256439502
2406.09256439502
2406.09256439502
2406.09256439502
2406.09256439502
2406.09256439502
2406.09256439502
2406.09256439502
2406.09256439502
2406.09256439502
2406.09256439502
2406.09256439502
2406.09256439502
2406.09256439502
2406.09256439502
2406.09256439502
2406.09256439502
2406.09256439502
2406.09256439502
2406.09256439502
2406.09256439502
2406.09256439502
2406.09256439502
2406.09256439502
2406.09256439502
2406.09256439502
2406.09256439502
2406.09256439502
2406.09256439502
2406.09256439502
2406.09256439502
2406.09256439502
2406.09256439502
2406.09256439502
2406.09256439502
2406.09256439502
2406.09256439502
2406.09256439502
2406.09256439502
2406.09256439502
2406.09256439502
2406.09256439502
2406.09256439502
2406.09256439502
2406.09256439502
2406.09256439502
2406.09256439502
2406.09256439502
2406.09256439502
2406.09256439502
2406.09256439502
2406.09256439502
2406.09256439502
2406.09256439502
2406.09256439502
2406.09256439502
2406.09256439502
2406.09256439502
2406.09256439502
2406.09256439502
2406.09256439502
2406.09256439502
2406.09256439502
2406.09256439502
2406.09256439502
2406.09256439502
2406.09256439502
2406.09256439502
2406.09256439502
2406.09256439502
2406.09256439502
2406.09256439502
2406.09256439502
2406.09256439502
2406.09256439502
2406.09256439502
2406.09256439502
2406.09256439502
2406.09256439502
2406.09256439502
2406.09256439502
2406.09256439502
2406.09256439502
2406.09256439502
2406.09256439502
2406.09256439502
2406.09256439502
2406.09256439502
2406.09256439502
2406.09256439502
2406.09256439502
2406.09256439502
2406.09256439502
2406.09256439502
2406.09256439502
2406.09256439502
2406.09256439502
2406.09256439502
2406.09256439502
2406.09256439502
2406.09256439502
2406.09256439502
2406.09256439502
2406.09256439502
2406.09256439502
2406.09256439502
2406.09256439502
2406.09256439502
2406.09256439502
2406.09256439502
2406.09256439502
2406.09256439502
2406.09256439502
2406.09256439502
2406.09256439502
2406.09256439502
2406.09256439502
2406.09256439502
2406.09256439502
2406.09256439502
2406.09256439502
2406.09256439502
2406.09256439502
2406.09256439502
2406.09256439502
2406.09256439502
2406.09256439502
2406.09256439502
2406.09256439502
2406.09256439502
2406.09256439502
2406.09256439502
2406.09256439502
2406.09256439502
2406.09256439502
2406.09256439502
2406.09256439502
2406.09256439502
2406.09256439502
2406.09256439502
2406.09256439502
2406.09256439502
2406.09256439502
2406.09256439502
2406.09256439502
2406.09256439502
2406.09256439502
2406.09256439502
2406.09256439502
2406.09256439502
2406.09256439502
2406.09256439502
2406.09256439502
2406.09256439502
2406.09256439502
2406.09256439502
2406.09256439502
2406.09256439502
2406.09256439502
2406.09256439502
2406.09256439502
2406.09256439502
2406.09256439502
2406.09256439502
2406.09256439502
2406.09256439502
2406.09256439502
2406.09256439502
2406.09256439502
2406.09256439502
2406.09256439502
2406.09256439502
2406.09256439502
2406.09256439502
2406.09256439502
2406.09256439502
2406.09256439502
2406.09256439502
2406.09256439502
2406.09256439502
2406.09256439502
2406.09256439502
2406.09256439502
2406.09256439502
2406.09256439502
2406.09256439502
2406.09256439502
2406.09256439502
2406.09256439502
2406.09256439502
2406.09256439502
2406.09256439502
2406.09256439502
2406.09256439502
2406.09256439502
2406.09256439502
2406.09256439502
2406.09256439502
2406.09256439502
2406.09256439502
2406.09256439502
2406.09256439502
2406.09256439502
2406.09256439502
2406.09256439502
2406.09256439502
2406.09256439502
2406.09256439502
2406.09256439502
2406.09256439502
2406.09256439502
2406.09256439502
2406.09256439502
2406.09256439502
2406.09256439502
2406.09256439502
2406.09256439502
2406.09256439502
2406.09256439502
2406.09256439502
2406.09256439502
2406.09256439502
2406.09256439502
2406.09256439502
2406.09256439502
2406.09256439502
2406.09256439502
2406.09256439502
2406.09256439502
2406.09256439502
2406.09256439502
2406.09256439502
2406.09256439502
2406.09256439502
2406.09256439502
2406.09256439502
2406.09256439502
2406.09256439502
2406.09256439502
2406.09256439502
2406.09256439502
2406.09256439502
2406.09256439502
2406.09256439502
2406.09256439502
2406.09256439502
2406.09256439502
2406.09256439502
2406.09256439502
2406.09256439502
2406.09256439502
2406.09256439502
2406.09256439502
2406.09256439502
2406.09256439502
2406.09256439502
2406.09256439502
2406.09256439502
2406.09256439502
2406.09256439502
2406.09256439502
2406.09256439502
2406.09256439502
2406.09256439502
2406.09256439502
2406.09256439502
2406.09256439502
2406.09256439502
2406.09256439502
2406.09256439502
2406.09256439502
2406.09256439502
2406.09256439502
2406.09256439502
2406.09256439502
2406.09256439502
2406.09256439502
2406.09256439502
2406.09256439502
2406.09256439502
2406.09256439502
2406.09256439502
2406.09256439502
2406.09256439502
2406.09256439502
2406.09256439502
2406.09256439502
2406.09256439502
2406.09256439502
2406.09256439502
2406.09256439502
2406.09256439502
2406.09256439502
2406.09256439502
2406.09256439502
2406.09256439502
2406.09256439502
2406.09256439502
2406.09256439502
2406.09256439502
2406.09256439502
2406.09256439502
2406.09256439502
2406.09256439502
2406.09256439502
2406.09256439502
2406.09256439502
2406.09256439502
2406.09256439502
2406.09256439502
2406.09256439502
2406.09256439502
2406.09256439502
2406.09256439502
2406.09256439502
2406.09256439502
2406.09256439502
2406.09256439502
2406.09256439502
2406.09256439502
2406.09256439502
2406.09256439502
2406.09256439502
2406.09256439502
2406.09256439502
2406.09256439502
2406.09256439502
2406.09256439502
2406.09256439502
2406.09256439502
2406.09256439502
2406.09256439502
2406.09256439502
2406.09256439502
2406.09256439502
2406.09256439502
2406.09256439502
2406.09256439502
2406.09256439502
2406.09256439502
2406.09256439502
2406.09256439502
2406.09256439502
2406.09256439502
2406.09256439502
2406.09256439502
2406.09256439502
2406.09256439502
2406.09256439502
2406.09256439502
2406.09256439502
2406.09256439502
2406.09256439502
2406.09256439502
2406.09256439502
2406.09256439502
2406.09256439502
2406.09256439502
2406.09256439502
2406.09256439502
2406.09256439502
2406.09256439502
2406.09256439502
2406.09256439502
2406.09256439502
2406.09256439502
2406.09256439502
2406.09256439502
2406.09256439502
2406.09256439502
2406.09256439502
2406.09256439502
2406.09256439502
2406.09256439502
2406.09256439502
2406.09256439502
2406.09256439502
2406.09256439502
2406.09256439502
2406.09256439502
2406.09256439502
2406.09256439502
2406.09256439502
2406.09256439502
2406.09256439502
2406.09256439502
2406.09256439502
2406.09256439502
2406.09256439502
2406.09256439502
2406.09256439502
2406.09256439502
2406.09256439502
2406.09256439502
2406.09256439502
2406.09256439502
2406.09256439502
2406.09256439502
2406.09256439502
2406.09256439502
2406.09256439502
2406.09256439502
2406.09256439502
2406.09256439502
2406.09256439502
2406.09256439502
2406.09256439502
2406.09256439502
2406.09256439502
2406.09256439502
2406.09256439502
2406.09256439502
2406.09256439502
2406.09256439502
2406.09256439502
2406.09256439502
2406.09256439502
2406.09256439502
2406.09256439502
2406.09256439502
2406.09256439502
2406.09256439502
2406.09256439502
2406.09256439502
2406.09256439502
2406.09256439502
2406.09256439502
2406.09256439502
2406.09256439502
2406.09256439502
2406.09256439502
2406.09256439502
2406.09256439502
2406.09256439502
2406.09256439502
2406.09256439502
2406.09256439502
2406.09256439502
2406.09256439502
2406.09256439502
2406.09256439502
2406.09256439502
2406.09256439502
2406.09256439502
2406.09256439502
2406.09256439502
2406.09256439502
2406.09256439502
2406.09256439502
2406.09256439502
2406.09256439502
2406.09256439502
2406.09256439502
2406.09256439502
2406.09256439502
2406.09256439502
2406.09256439502
2406.09256439502
2406.09256439502
2406.09256439502
2406.09256439502
2406.09256439502
2406.09256439502
2406.09256439502
2406.09256439502
2406.09256439502
2406.09256439502
2406.09256439502
2406.09256439502
2406.09256439502
2406.09256439502
2406.09256439502
2406.09256439502
2406.09256439502
2406.09256439502
2406.09256439502
2406.09256439502
2406.09256439502
2406.09256439502
2406.09256439502
2406.09256439502
2406.09256439502
2406.09256439502
2406.09256439502
2406.09256439502
2406.09256439502
2406.09256439502
2406.09256439502
2406.09256439502
2406.09256439502
2406.09256439502
2406.09256439502
2406.09256439502
2406.09256439502
2406.09256439502
2406.09256439502
2406.09256439502
2406.09256439502
2406.09256439502
2406.09256439502
2406.09256439502
2406.09256439502
2406.09256439502
2406.09256439502
2406.09256439502
2406.09256439502
2406.09256439502
2406.09256439502
2406.09256439502
2406.09256439502
2406.09256439502
2406.09256439502
2406.09256439502
2406.09256439502
2406.09256439502
2406.09256439502
2406.09256439502
2406.09256439502
2406.09256439502
2406.09256439502
2406.09256439502
2406.09256439502
2406.09256439502
2406.09256439502
2406.09256439502
2406.09256439502
2406.09256439502
2406.09256439502
2406.09256439502
2406.09256439502
2406.09256439502
2406.09256439502
2406.09256439502
2406.09256439502
2406.09256439502
2406.09256439502
2406.09256439502
2406.09256439502
2406.09256439502
2406.09256439502
2406.09256439502
2406.09256439502
2406.09256439502
2406.09256439502
2406.09256439502
2406.09256439502
2406.09256439502
2406.09256439502
2406.09256439502
2406.09256439502
2406.09256439502
2406.09256439502
2406.09256439502
2406.09256439502
2406.09256439502
2406.09256439502
2406.09256439502
2406.09256439502
2406.09256439502
2406.09256439502
2406.09256439502
2406.09256439502
2406.09256439502
2406.09256439502
2406.09256439502
2406.09256439502
2406.09256439502
2406.09256439502
2406.09256439502
2406.09256439502
2406.09256439502
2406.09256439502
2406.09256439502
2406.09256439502
2406.09256439502
2406.09256439502
2406.09256439502
2406.09256439502
2406.09256439502
2406.09256439502
2406.09256439502
2406.09256439502
2406.09256439502
2406.09256439502
2406.09256439502
2406.09256439502
2406.09256439502
2406.09256439502
2406.09256439502
2406.09256439502
2406.09256439502
2406.09256439502
2406.09256439502
2406.09256439502
2406.09256439502
2406.09256439502
2406.09256439502
2406.09256439502
2406.09256439502
2406.09256439502
2406.09256439502
2406.09256439502
2406.09256439502
2406.09256439502
2406.09256439502
2406.09256439502
2406.09256439502
2406.09256439502
2406.09256439502
2406.09256439502
2406.09256439502
2406.09256439502
2406.09256439502
2406.09256439502
2406.09256439502
2406.09256439502
2406.09256439502
2406.09256439502
2406.09256439502
2406.09256439502
2406.09256439502
2406.09256439502
2406.09256439502
2406.09256439502
2406.09256439502
2406.09256439502
2406.09256439502
2406.09256439502
2406.09256439502
2406.09256439502
2406.09256439502
2406.09256439502
2406.09256439502
2406.09256439502
2406.09256439502
2406.09256439502
2406.09256439502
2406.09256439502
2406.09256439502
2406.09256439502
2406.09256439502
2406.09256439502
2406.09256439502
2406.09256439502
2406.09256439502
2406.09256439502
2406.09256439502
2406.09256439502
2406.09256439502
2406.09256439502
2406.09256439502
2406.09256439502
2406.09256439502
2406.09256439502
2406.09256439502
2406.09256439502
2406.09256439502
2406.09256439502
2406.09256439502
2406.09256439502
2406.09256439502
2406.09256439502
2406.09256439502
2406.09256439502
2406.09256439502
2406.09256439502
2406.09256439502
2406.09256439502
2406.09256439502
2406.09256439502
2406.09256439502
2406.09256439502
2406.09256439502
2406.09256439502
2406.09256439502
2406.09256439502
2406.09256439502
2406.09256439502
2406.09256439502
2406.09256439502
2406.09256439502
2406.09256439502
2406.09256439502
2406.09256439502
2406.09256439502
2406.09256439502
2406.09256439502
2406.09256439502
2406.09256439502
2406.09256439502
2406.09256439502
2406.09256439502
2406.09256439502
2406.09256439502
2406.09256439502
2406.09256439502
2406.09256439502
2406.09256439502
2406.09256439502
2406.09256439502
2406.09256439502
2406.09256439502
2406.09256439502
2406.09256439502
2406.09256439502
2406.09256439502
2406.09256439502
2406.09256439502
2406.09256439502
2406.09256439502
2406.09256439502
2406.09256439502
2406.09256439502
2406.09256439502
2406.09256439502
2406.09256439502
2406.09256439502
2406.09256439502
2406.09256439502
2406.09256439502
2406.09256439502
2406.09256439502
2406.09256439502
2406.09256439502
2406.09256439502
2406.09256439502
2406.09256439502
2406.09256439502
2406.09256439502
2406.09256439502
2406.09256439502
2406.09256439502
2406.09256439502
2406.09256439502
2406.09256439502
2406.09256439502
2406.09256439502
2406.09256439502
2406.09256439502
2406.09256439502
2406.09256439502
2406.09256439502
2406.09256439502
2406.09256439502
2406.09256439502
2406.09256439502
2406.09256439502
2406.09256439502
2406.09256439502
2406.09256439502
2406.09256439502
2406.09256439502
2406.09256439502
2406.09256439502
2406.09256439502
2406.09256439502
2406.09256439502
2406.09256439502
2405.91492670492
2405.91492670492
2405.91492670492
2405.91492670492
2405.91492670492
2405.91492670492
2405.91492670492
2405.91492670492
2405.91492670492
2405.91492670492
2405.91492670492
2405.91492670492
2405.91492670492
2405.91492670492
2405.91492670492
2405.91492670492
2405.91492670492
2405.91492670492
2405.91492670492
2405.91492670492
2405.91492670492
2405.91492670492
2405.91492670492
2405.91492670492
2405.91492670492
2405.91492670492
2405.91492670492
2405.91492670492
2405.91492670492
2405.91492670492
2405.91492670492
2405.91492670492
2405.91492670492
2405.91492670492
2405.91492670492
2405.91492670492
2405.91492670492
2405.91492670492
2405.91492670492
2405.91492670492
2405.91492670492
2405.91492670492
2405.91492670492
2405.91492670492
2405.91492670492
2405.91492670492
2405.91492670492
2405.91492670492
2405.91492670492
2405.91492670492
2405.91492670492
2405.91492670492
2405.91492670492
2405.91492670492
2405.91492670492
2405.91492670492
2405.91492670492
2405.91492670492
2405.91492670492
2405.91492670492
2405.91492670492
2405.91492670492
2405.91492670492
2405.91492670492
2405.91492670492
2405.91492670492
2405.91492670492
2405.91492670492
2405.91492670492
2405.91492670492
2405.91492670492
2405.91492670492
2405.91492670492
2405.91492670492
2405.91492670492
2405.91492670492
2405.91492670492
2405.91492670492
2405.91492670492
2405.91492670492
2405.91492670492
2405.91492670492
2405.91492670492
2405.91492670492
2405.91492670492
2405.91492670492
2405.91492670492
2405.91492670492
2405.91492670492
2405.91492670492
2405.91492670492
2405.91492670492
2405.91492670492
2405.91492670492
2405.91492670492
2405.91492670492
2405.91492670492
2405.91492670492
2405.91492670492
2405.91492670492
2405.91492670492
2405.91492670492
2405.91492670492
2405.91492670492
2405.91492670492
2405.91492670492
2405.91492670492
2405.91492670492
2405.91492670492
2405.91492670492
2405.91492670492
2405.91492670492
2405.91492670492
2405.91492670492
2405.91492670492
2405.91492670492
2405.91492670492
2405.91492670492
2405.91492670492
2405.91492670492
2405.91492670492
2405.91492670492
2405.91492670492
2405.91492670492
2405.91492670492
2405.91492670492
2405.91492670492
2405.91492670492
2405.91492670492
2405.91492670492
2405.91492670492
2405.91492670492
2405.91492670492
2405.91492670492
2405.91492670492
2405.91492670492
2405.91492670492
2405.91492670492
2405.91492670492
2405.91492670492
2405.91492670492
2405.91492670492
2405.91492670492
2405.91492670492
2399.5155909615
2399.5155909615
2399.5155909615
2399.5155909615
2399.5155909615
2399.5155909615
2399.5155909615
2399.5155909615
2399.5155909615
2399.5155909615
2399.5155909615
2399.5155909615
2399.5155909615
2399.5155909615
2399.5155909615
2399.5155909615
2399.5155909615
2399.5155909615
2399.5155909615
2399.5155909615
2399.5155909615
2399.5155909615
2399.5155909615
2399.5155909615
2399.5155909615
2399.5155909615
2399.5155909615
2399.5155909615
2399.5155909615
2399.5155909615
2399.5155909615
2399.5155909615
2399.5155909615
2399.5155909615
2399.5155909615
2399.5155909615
2399.5155909615
2399.5155909615
2399.5155909615
2398.99762513856
2398.99762513856
2398.99762513856
2398.99762513856
2398.99762513856
2398.99762513856
2398.99762513856
2398.99762513856
2398.99762513856
2398.99762513856
2398.99762513856
2398.99762513856
2398.99762513856
2398.99762513856
2398.99762513856
2398.99762513856
2398.99762513856
2398.99762513856
2398.99762513856
2398.99762513856
2398.99762513856
2398.99762513856
2398.99762513856
2398.99762513856
2398.99762513856
2398.99762513856
2398.99762513856
2398.99762513856
2398.99762513856
2398.99762513856
2398.99762513856
2398.99762513856
2398.99762513856
2398.99762513856
2398.99762513856
2398.99762513856
2398.99762513856
2398.99762513856
2398.99762513856
2398.99762513856
2398.99762513856
2398.99762513856
2398.99762513856
2398.99762513856
2398.99762513856
2398.99762513856
2398.99762513856
2398.99762513856
2398.99762513856
2398.99762513856
2398.99762513856
2398.99762513856
2398.99762513856
2398.99762513856
2398.99762513856
2398.99762513856
2398.99762513856
2398.99762513856
2398.99762513856
2398.99762513856
2398.99762513856
2398.99762513856
2398.99762513856
2398.99762513856
2398.99762513856
2398.99762513856
2398.99762513856
2398.99762513856
2398.99762513856
2398.99762513856
2398.99762513856
2398.99762513856
2398.99762513856
2398.99762513856
2398.99762513856
2398.99762513856
2398.99762513856
2398.99762513856
2398.99762513856
2398.99762513856
2398.99762513856
2398.99762513856
2398.99762513856
2398.99762513856
2398.99762513856
2398.99762513856
2398.99762513856
2398.99762513856
2398.99762513856
2398.99762513856
2398.99762513856
2398.99762513856
2398.99762513856
2398.99762513856
2398.99762513856
2398.99762513856
2398.99762513856
2398.99762513856
2398.99762513856
2398.99762513856
2398.99762513856
2398.99762513856
2398.99762513856
2398.99762513856
2398.99762513856
2398.99762513856
2398.99762513856
2398.99762513856
2398.99762513856
2398.99762513856
2398.99762513856
2398.99762513856
2398.99762513856
2398.99762513856
2398.99762513856
2398.99762513856
2398.99762513856
2398.99762513856
2398.99762513856
2398.99762513856
2398.99762513856
2398.99762513856
2398.99762513856
2398.99762513856
2398.99762513856
2398.99762513856
2398.99762513856
2398.99762513856
2398.99762513856
2398.99762513856
2398.99762513856
2398.99762513856
2398.99762513856
2398.99762513856
2398.99762513856
2398.99762513856
2398.99762513856
2398.99762513856
2398.99762513856
2398.99762513856
2398.99762513856
2398.99762513856
2398.99762513856
2398.99762513856
2398.99762513856
2398.99762513856
2398.99762513856
2398.99762513856
2398.99762513856
2398.99762513856
2398.99762513856
2398.99762513856
2398.99762513856
2398.99762513856
2398.99762513856
2398.99762513856
2398.99762513856
2398.99762513856
2398.99762513856
2398.99762513856
2398.99762513856
2398.99762513856
2398.99762513856
2398.99762513856
2398.99762513856
2398.99762513856
2398.99762513856
2398.99762513856
2398.99762513856
2398.99762513856
2398.99762513856
2398.99762513856
2398.99762513856
2398.99762513856
2398.99762513856
2398.99762513856
2398.99762513856
2398.99762513856
2398.99762513856
2398.99762513856
2398.99762513856
2398.99762513856
2398.99762513856
2398.99762513856
2398.99762513856
2398.99762513856
2398.99762513856
2398.99762513856
2398.99762513856
2398.99762513856
2398.99762513856
2398.99762513856
2398.99762513856
2398.99762513856
2398.99762513856
2398.99762513856
2398.99762513856
2398.99762513856
2398.99762513856
2398.99762513856
2398.99762513856
2398.99762513856
2398.99762513856
2398.99762513856
2398.99762513856
2398.99762513856
2398.99762513856
2398.99762513856
2398.99762513856
2398.99762513856
2398.99762513856
2398.99762513856
2398.99762513856
2398.99762513856
2398.99762513856
2398.99762513856
2398.99762513856
2398.99762513856
2398.99762513856
2398.99762513856
2398.99762513856
2398.99762513856
2398.99762513856
2398.99762513856
2398.99762513856
2398.99762513856
2398.99762513856
2398.99762513856
2398.99762513856
2398.99762513856
2398.99762513856
2398.99762513856
2398.99762513856
2398.99762513856
2398.99762513856
2398.99762513856
2398.99762513856
2398.99762513856
2398.99762513856
2398.99762513856
2398.99762513856
2398.99762513856
2398.99762513856
2398.99762513856
2398.99762513856
2398.99762513856
2398.99762513856
2398.99762513856
2398.99762513856
2398.99762513856
2398.99762513856
2398.99762513856
2398.99762513856
2398.99762513856
2398.99762513856
2398.99762513856
2398.99762513856
2398.99762513856
2398.99762513856
2398.99762513856
2398.99762513856
2398.99762513856
2398.99762513856
2398.99762513856
2398.99762513856
2398.99762513856
2398.99762513856
2398.99762513856
2398.99762513856
2398.99762513856
2398.99762513856
2398.99762513856
2398.99762513856
2398.99762513856
2398.99762513856
2398.99762513856
2398.99762513856
2398.99762513856
2398.99762513856
2398.99762513856
2398.99762513856
2398.99762513856
2398.99762513856
2398.99762513856
2398.99762513856
2398.99762513856
2398.99762513856
2398.99762513856
2398.99762513856
2398.99762513856
2398.99762513856
2398.99762513856
2398.99762513856
2398.99762513856
2398.99762513856
2398.99762513856
2398.99762513856
2398.99762513856
2398.99762513856
2398.99762513856
2398.99762513856
2398.99762513856
2398.99762513856
2398.99762513856
2398.99762513856
2398.99762513856
2398.99762513856
2398.99762513856
2398.99762513856
2398.99762513856
2398.99762513856
2398.99762513856
2398.99762513856
2398.99762513856
2398.99762513856
2398.99762513856
2398.99762513856
2398.99762513856
2398.99762513856
2398.99762513856
2398.99762513856
2398.99762513856
2398.99762513856
2398.99762513856
2398.99762513856
2398.99762513856
2398.99762513856
2398.99762513856
2398.99762513856
2398.99762513856
2398.99762513856
2398.99762513856
2398.99762513856
2398.99762513856
2398.99762513856
2398.99762513856
2398.99762513856
2398.99762513856
2398.99762513856
2398.99762513856
2398.99762513856
2398.99762513856
2398.99762513856
2398.99762513856
2398.99762513856
2398.99762513856
2398.99762513856
2398.99762513856
2398.99762513856
2398.99762513856
2398.99762513856
2398.99762513856
2398.99762513856
2398.99762513856
2398.99762513856
2398.99762513856
2398.99762513856
2398.99762513856
2398.99762513856
2398.99762513856
2398.99762513856
2398.99762513856
2398.99762513856
2398.99762513856
2398.99762513856
2398.99762513856
2398.99762513856
2398.99762513856
2398.99762513856
2398.99762513856
2398.99762513856
2398.99762513856
2398.99762513856
2398.99762513856
2398.99762513856
2398.99762513856
2398.99762513856
2398.99762513856
2398.99762513856
2398.99762513856
2398.99762513856
2398.99762513856
2398.99762513856
2398.99762513856
2398.99762513856
2398.99762513856
2398.99762513856
2398.99762513856
2398.99762513856
2398.99762513856
2398.99762513856
2398.99762513856
2398.99762513856
2398.99762513856
2398.99762513856
2398.99762513856
2398.99762513856
2398.99762513856
2398.99762513856
2398.99762513856
2398.99762513856
2398.99762513856
2398.99762513856
2398.99762513856
2398.99762513856
2398.99762513856
2398.99762513856
2398.99762513856
2398.99762513856
2398.99762513856
2398.99762513856
2398.99762513856
2398.99762513856
2398.99762513856
2398.99762513856
2398.99762513856
2398.99762513856
2398.99762513856
2398.99762513856
2398.99762513856
2398.99762513856
2398.99762513856
2398.99762513856
2398.99762513856
2398.99762513856
2398.99762513856
2398.99762513856
2398.99762513856
2398.99762513856
2398.99762513856
2398.99762513856
2398.99762513856
2398.99762513856
2398.99762513856
2398.99762513856
2398.99762513856
2398.99762513856
2398.99762513856
2398.99762513856
2398.99762513856
2398.99762513856
2398.99762513856
2398.99762513856
2398.99762513856
2398.99762513856
2398.99762513856
2398.99762513856
2398.99762513856
2398.99762513856
2398.99762513856
2398.99762513856
2398.99762513856
2398.99762513856
2398.99762513856
2398.99762513856
2398.99762513856
2398.99762513856
2398.99762513856
2398.99762513856
2398.99762513856
2398.99762513856
2398.99762513856
2398.99762513856
2398.99762513856
2398.99762513856
2398.99762513856
2398.99762513856
2398.99762513856
2398.99762513856
2398.99762513856
2398.99762513856
2398.99762513856
2398.99762513856
2398.99762513856
2398.99762513856
2398.99762513856
2398.99762513856
2398.99762513856
2398.99762513856
2398.99762513856
2398.99762513856
2398.99762513856
2398.99762513856
2398.99762513856
2398.99762513856
2398.99762513856
2398.99762513856
2398.99762513856
2398.99762513856
2398.99762513856
2398.99762513856
2398.99762513856
2398.99762513856
2398.99762513856
2398.99762513856
2398.99762513856
2398.99762513856
2398.99762513856
2398.99762513856
2398.99762513856
2398.99762513856
2398.99762513856
2398.99762513856
2398.99762513856
2398.99762513856
2398.99762513856
2398.99762513856
2398.99762513856
2398.99762513856
2398.99762513856
2398.99762513856
2398.99762513856
2398.99762513856
2398.99762513856
2398.99762513856
2398.99762513856
2398.99762513856
2398.99762513856
2398.99762513856
2398.99762513856
2398.99762513856
2398.99762513856
2398.99762513856
2398.99762513856
2398.99762513856
2398.99762513856
2398.99762513856
2398.99762513856
2398.99762513856
2398.99762513856
2398.99762513856
2398.99762513856
2398.99762513856
2398.99762513856
2398.99762513856
2398.99762513856
2398.99762513856
2398.99762513856
2398.99762513856
2398.99762513856
2398.99762513856
2398.99762513856
2398.99762513856
2398.99762513856
2398.99762513856
2398.99762513856
2398.99762513856
2398.99762513856
2398.99762513856
2398.99762513856
2398.99762513856
2398.99762513856
2398.99762513856
2398.99762513856
2398.99762513856
2398.99762513856
2398.99762513856
2398.99762513856
2398.99762513856
2398.99762513856
2398.99762513856
2398.99762513856
2398.99762513856
2398.99762513856
2398.99762513856
2398.99762513856
2398.99762513856
2398.99762513856
2398.99762513856
2398.99762513856
2398.99762513856
2398.99762513856
2398.99762513856
2398.99762513856
2398.99762513856
2398.99762513856
2398.99762513856
2398.99762513856
2398.99762513856
2398.99762513856
2398.99762513856
2398.99762513856
2398.99762513856
2398.99762513856
2398.99762513856
2398.99762513856
2398.99762513856
2398.99762513856
2398.99762513856
2398.99762513856
2398.99762513856
2398.99762513856
2398.99762513856
2398.99762513856
2398.99762513856
2398.99762513856
2398.99762513856
2398.99762513856
2398.99762513856
2398.99762513856
2398.99762513856
2398.99762513856
2398.99762513856
2398.99762513856
2398.99762513856
2398.99762513856
2398.99762513856
2398.99762513856
2398.99762513856
2398.99762513856
2398.99762513856
2398.99762513856
2398.99762513856
2398.99762513856
2398.99762513856
2398.99762513856
2398.99762513856
2398.99762513856
2398.99762513856
2398.99762513856
2398.99762513856
2398.99762513856
2398.99762513856
2398.99762513856
2398.99762513856
2398.99762513856
2398.99762513856
2398.99762513856
2398.99762513856
2398.99762513856
2398.99762513856
2398.99762513856
2398.99762513856
2398.99762513856
2398.99762513856
2398.99762513856
2398.99762513856
2398.99762513856
2398.99762513856
2398.99762513856
2398.99762513856
2398.99762513856
2398.99762513856
2398.99762513856
2398.99762513856
2398.99762513856
2398.99762513856
2398.99762513856
2398.99762513856
2398.99762513856
2398.99762513856
2398.99762513856
2398.99762513856
2398.99762513856
2398.99762513856
2398.99762513856
2398.99762513856
2398.99762513856
2398.99762513856
2398.99762513856
2398.99762513856
2398.99762513856
2398.99762513856
2398.99762513856
2398.99762513856
2398.99762513856
2398.99762513856
2398.99762513856
2398.99762513856
2398.99762513856
2398.99762513856
2398.99762513856
2398.99762513856
2398.99762513856
2398.99762513856
2398.99762513856
2398.99762513856
2398.99762513856
2398.99762513856
2398.99762513856
2398.99762513856
2398.99762513856
2398.99762513856
2398.99762513856
2398.99762513856
2398.99762513856
2398.99762513856
2398.99762513856
2398.99762513856
2398.99762513856
2398.99762513856
2398.99762513856
2398.99762513856
2398.99762513856
2398.99762513856
2398.99762513856
2398.99762513856
2398.99762513856
2398.99762513856
2398.99762513856
2398.99762513856
2398.99762513856
2398.99762513856
2398.99762513856
2398.99762513856
2398.99762513856
2398.99762513856
2398.99762513856
2398.99762513856
2398.99762513856
2398.99762513856
2398.99762513856
2398.99762513856
2398.99762513856
2398.99762513856
2398.99762513856
2398.99762513856
2398.99762513856
2398.99762513856
2398.99762513856
2398.99762513856
2398.99762513856
2398.99762513856
2398.99762513856
2398.99762513856
2398.99762513856
2398.99762513856
2398.99762513856
2398.99762513856
2398.99762513856
2398.99762513856
2398.99762513856
2398.99762513856
2398.99762513856
2398.99762513856
2398.99762513856
2398.99762513856
2398.99762513856
2398.99762513856
2398.99762513856
2398.99762513856
2398.99762513856
2398.99762513856
2398.99762513856
2398.99762513856
2398.99762513856
2398.99762513856
2398.99762513856
2398.99762513856
2398.99762513856
2398.99762513856
2398.99762513856
2398.99762513856
2398.99762513856
2398.99762513856
2398.99762513856
2398.99762513856
2398.99762513856
2398.99762513856
2398.99762513856
2398.99762513856
2398.99762513856
2398.99762513856
2398.99762513856
2398.99762513856
2398.99762513856
2398.99762513856
2398.99762513856
2398.99762513856
2398.99762513856
2398.99762513856
2398.99762513856
2398.99762513856
2398.99762513856
2398.99762513856
2398.99762513856
2398.99762513856
2398.99762513856
2398.99762513856
2398.99762513856
2398.99762513856
2398.99762513856
2398.99762513856
2398.99762513856
2398.99762513856
2377.98358961849
2377.98358961849
2377.98358961849
2377.98358961849
2377.98358961849
2377.98358961849
2377.98358961849
2377.98358961849
2377.98358961849
2377.98358961849
2377.98358961849
2377.98358961849
2377.98358961849
2377.98358961849
2377.98358961849
2377.98358961849
2377.98358961849
2377.98358961849
2377.98358961849
2377.98358961849
2377.98358961849
2377.98358961849
2377.98358961849
2377.98358961849
2377.98358961849
2377.98358961849
2377.98358961849
2377.98358961849
2377.98358961849
2377.98358961849
2377.98358961849
2377.98358961849
2377.98358961849
2377.98358961849
2377.98358961849
2377.98358961849
2377.98358961849
2377.98358961849
2377.98358961849
2377.98358961849
2377.98358961849
2377.98358961849
2377.98358961849
2377.98358961849
2377.98358961849
2377.98358961849
2377.98358961849
2377.98358961849
2377.98358961849
2377.98358961849
2377.98358961849
2377.98358961849
2377.98358961849
2377.98358961849
2377.98358961849
2377.98358961849
2377.98358961849
2377.98358961849
2377.98358961849
2377.98358961849
2377.98358961849
2377.98358961849
2377.98358961849
2377.98358961849
2377.98358961849
2377.98358961849
2377.98358961849
2377.98358961849
2377.98358961849
2377.98358961849
2377.98358961849
2377.98358961849
2377.98358961849
2377.98358961849
2377.98358961849
2377.98358961849
2377.98358961849
2377.98358961849
2377.98358961849
2377.98358961849
2377.98358961849
2377.98358961849
2377.98358961849
2377.98358961849
2377.98358961849
2377.98358961849
2377.98358961849
2377.98358961849
2377.98358961849
2377.98358961849
2377.98358961849
2377.98358961849
2377.98358961849
2377.98358961849
2377.98358961849
2377.98358961849
2377.98358961849
2377.98358961849
2377.98358961849
2377.98358961849
2377.98358961849
2377.98358961849
2377.98358961849
2377.98358961849
2377.98358961849
2377.98358961849
2377.98358961849
2377.98358961849
2377.98358961849
2377.98358961849
2377.98358961849
2377.98358961849
2377.98358961849
2377.98358961849
2377.98358961849
2377.98358961849
2377.98358961849
2377.98358961849
2377.98358961849
2377.98358961849
2377.98358961849
2377.98358961849
2377.98358961849
2377.98358961849
2377.98358961849
2377.98358961849
2377.98358961849
2377.98358961849
2377.98358961849
2377.98358961849
2377.98358961849
2377.98358961849
2377.98358961849
2377.98358961849
2377.98358961849
2377.98358961849
2377.98358961849
2377.98358961849
2377.98358961849
2377.98358961849
2377.98358961849
2377.98358961849
2377.98358961849
2377.98358961849
2377.98358961849
2377.98358961849
2377.98358961849
2377.98358961849
2377.98358961849
2377.98358961849
2377.98358961849
2377.98358961849
2377.98358961849
2377.98358961849
2377.98358961849
2377.98358961849
2377.98358961849
2377.98358961849
2377.98358961849
2377.98358961849
2377.98358961849
2377.98358961849
2377.98358961849
2377.98358961849
2377.98358961849
2377.98358961849
2377.98358961849
2377.98358961849
2377.98358961849
2377.98358961849
2377.98358961849
2377.98358961849
2377.98358961849
2377.98358961849
2377.98358961849
2377.98358961849
2377.98358961849
2377.98358961849
2377.98358961849
2377.98358961849
2377.98358961849
2377.98358961849
2377.98358961849
2377.98358961849
2377.98358961849
2377.98358961849
2377.98358961849
2377.98358961849
2377.98358961849
2377.98358961849
2377.98358961849
2377.98358961849
2377.98358961849
2377.98358961849
2377.98358961849
2377.98358961849
2377.98358961849
2377.98358961849
2377.98358961849
2377.98358961849
2377.98358961849
2377.98358961849
2377.98358961849
2377.98358961849
2377.98358961849
2377.98358961849
2377.98358961849
2377.98358961849
2377.98358961849
2377.98358961849
2377.98358961849
2377.98358961849
2377.98358961849
2377.98358961849
2377.98358961849
2377.98358961849
2377.98358961849
2377.98358961849
2377.98358961849
2377.98358961849
2377.98358961849
2377.98358961849
2377.98358961849
2377.98358961849
2377.98358961849
2377.98358961849
2377.98358961849
2377.98358961849
2377.98358961849
2377.98358961849
2377.98358961849
2377.98358961849
2377.98358961849
2377.98358961849
2377.98358961849
2377.98358961849
2377.98358961849
2377.98358961849
2377.98358961849
2377.98358961849
2377.98358961849
2377.98358961849
2376.2982222116
2376.2982222116
2376.2982222116
2376.2982222116
2376.2982222116
2376.2982222116
2376.2982222116
2376.2982222116
2376.2982222116
2376.2982222116
2376.2982222116
2376.2982222116
2376.2982222116
2376.2982222116
2376.2982222116
2376.2982222116
2376.2982222116
2376.2982222116
2376.2982222116
2376.2982222116
2376.2982222116
2376.2982222116
2376.2982222116
2376.2982222116
2376.2982222116
2376.2982222116
2376.2982222116
2376.2982222116
2376.2982222116
2376.2982222116
2376.2982222116
2376.2982222116
2376.2982222116
2376.2982222116
2376.2982222116
2376.2982222116
2376.2982222116
2376.2982222116
2376.2982222116
2376.2982222116
2376.2982222116
2376.2982222116
2376.2982222116
2376.2982222116
2376.2982222116
2376.2982222116
2376.2982222116
2376.2982222116
2376.2982222116
2376.2982222116
2376.2982222116
2376.2982222116
2376.2982222116
2376.2982222116
2376.2982222116
2376.2982222116
2376.2982222116
2376.2982222116
2376.2982222116
2376.2982222116
2376.2982222116
2376.2982222116
2376.2982222116
2376.2982222116
2376.2982222116
2376.2982222116
2376.2982222116
2376.2982222116
2376.2982222116
2376.2982222116
2376.2982222116
2376.2982222116
2376.2982222116
2376.2982222116
2376.2982222116
2376.2982222116
2375.49622542616
2375.49622542616
2375.49622542616
2375.49622542616
2375.49622542616
2375.49622542616
2375.49622542616
2375.49622542616
2375.49622542616
2375.49622542616
2375.49622542616
2375.49622542616
2375.49622542616
2375.49622542616
2375.49622542616
2375.49622542616
2375.49622542616
2375.49622542616
2375.49622542616
2375.49622542616
2375.49622542616
2375.49622542616
2375.49622542616
2375.49622542616
2375.49622542616
2375.49622542616
2375.49622542616
2375.49622542616
2375.49622542616
2375.49622542616
2375.49622542616
2375.49622542616
2375.49622542616
2375.49622542616
2375.49622542616
2375.49622542616
2375.49622542616
2375.49622542616
2375.49622542616
2375.49622542616
2375.49622542616
2375.49622542616
2375.49622542616
2375.49622542616
2375.49622542616
2375.49622542616
2375.49622542616
2375.49622542616
2375.49622542616
2375.49622542616
2375.49622542616
2375.49622542616
2375.49622542616
2375.49622542616
2375.49622542616
2375.49622542616
2375.49622542616
2375.49622542616
2375.49622542616
2375.49622542616
2375.49622542616
2375.49622542616
2375.49622542616
2375.49622542616
2375.49622542616
2375.49622542616
2375.49622542616
2375.49622542616
2375.49622542616
2375.49622542616
2375.49622542616
2375.49622542616
2375.49622542616
2375.49622542616
2375.49622542616
2375.49622542616
2375.49622542616
2375.49622542616
2375.49622542616
2375.49622542616
2375.49622542616
2375.49622542616
2375.49622542616
2375.49622542616
2375.49622542616
2375.49622542616
2375.49622542616
2375.49622542616
2375.49622542616
2375.49622542616
2375.49622542616
2375.49622542616
2375.49622542616
2375.49622542616
2375.49622542616
2375.49622542616
2375.49622542616
2375.49622542616
2375.49622542616
2375.49622542616
2375.49622542616
2375.49622542616
2375.49622542616
2375.49622542616
2375.49622542616
2375.49622542616
2375.49622542616
2375.49622542616
2375.49622542616
2375.49622542616
2375.49622542616
2375.49622542616
2375.49622542616
2375.49622542616
2375.49622542616
2375.49622542616
2375.49622542616
2375.49622542616
2375.49622542616
2375.49622542616
2375.49622542616
2375.49622542616
2375.49622542616
2375.49622542616
2375.49622542616
2375.49622542616
2375.49622542616
2375.49622542616
2375.49622542616
2375.49622542616
2375.49622542616
2375.49622542616
2375.49622542616
2375.49622542616
2375.49622542616
2375.49622542616
2375.49622542616
2375.49622542616
2375.49622542616
2375.49622542616
2375.49622542616
2375.49622542616
2375.49622542616
2375.49622542616
2375.49622542616
2375.49622542616
2375.49622542616
2375.49622542616
2375.49622542616
2375.49622542616
2375.49622542616
2375.49622542616
2375.49622542616
2375.49622542616
2375.49622542616
2375.49622542616
2375.49622542616
2375.49622542616
2375.49622542616
2375.49622542616
2375.49622542616
2375.49622542616
2375.49622542616
2375.49622542616
2375.49622542616
2375.49622542616
2375.49622542616
2375.49622542616
2375.49622542616
2375.49622542616
2375.49622542616
2375.49622542616
2375.49622542616
2375.49622542616
2375.49622542616
2375.49622542616
2375.49622542616
2375.49622542616
2375.49622542616
2375.49622542616
2375.49622542616
2375.49622542616
2375.49622542616
2375.49622542616
2375.49622542616
2375.49622542616
2375.49622542616
2375.49622542616
2375.49622542616
2375.49622542616
2375.49622542616
2375.49622542616
2375.49622542616
2375.49622542616
2375.49622542616
2375.49622542616
2375.49622542616
2375.49622542616
2375.49622542616
2375.49622542616
2375.49622542616
2375.49622542616
2375.49622542616
2375.49622542616
2375.49622542616
2375.49622542616
2375.49622542616
2375.49622542616
2375.49622542616
2375.49622542616
2375.49622542616
2375.49622542616
2375.49622542616
2375.49622542616
2375.49622542616
2375.49622542616
2375.49622542616
2375.49622542616
2375.49622542616
2375.49622542616
2375.49622542616
2375.49622542616
2375.49622542616
2375.49622542616
2375.49622542616
2375.49622542616
2375.49622542616
2375.49622542616
2375.49622542616
2375.49622542616
2375.49622542616
2375.49622542616
2375.49622542616
2375.49622542616
2375.49622542616
2375.49622542616
2375.49622542616
2375.49622542616
2375.49622542616
2375.49622542616
2375.49622542616
2375.49622542616
2375.49622542616
2375.49622542616
2375.49622542616
2375.49622542616
2375.49622542616
2375.49622542616
2375.49622542616
2375.49622542616
2375.49622542616
2375.49622542616
2375.49622542616
2375.49622542616
2375.49622542616
2375.49622542616
2375.49622542616
2375.49622542616
2375.49622542616
2375.49622542616
2375.49622542616
2375.49622542616
2375.49622542616
2375.49622542616
2375.49622542616
2375.49622542616
2375.49622542616
2375.49622542616
2375.49622542616
2375.49622542616
2375.49622542616
2375.49622542616
2375.49622542616
2375.49622542616
2375.49622542616
2375.49622542616
2375.49622542616
2375.49622542616
2375.49622542616
2375.49622542616
2375.49622542616
2375.49622542616
2375.49622542616
2375.49622542616
2375.49622542616
2375.49622542616
2375.49622542616
2375.49622542616
2375.49622542616
2375.49622542616
2375.49622542616
2375.49622542616
2375.49622542616
2375.49622542616
2375.49622542616
2375.49622542616
2375.49622542616
2375.49622542616
2375.49622542616
2375.49622542616
2375.49622542616
2375.49622542616
2375.49622542616
2375.49622542616
2375.49622542616
2375.49622542616
2375.49622542616
2375.49622542616
2375.49622542616
2375.49622542616
2375.49622542616
2375.49622542616
2375.49622542616
2375.49622542616
2375.49622542616
2375.49622542616
2375.49622542616
2375.49622542616
2375.49622542616
2375.49622542616
2375.49622542616
2375.49622542616
2375.49622542616
2375.49622542616
2375.49622542616
2375.49622542616
2375.49622542616
2375.49622542616
2375.49622542616
2375.49622542616
2375.49622542616
2375.49622542616
2375.49622542616
2375.49622542616
2375.49622542616
2375.49622542616
2375.49622542616
2375.49622542616
2375.49622542616
2375.49622542616
2375.49622542616
2375.49622542616
2375.49622542616
2375.49622542616
2375.49622542616
2375.49622542616
2375.49622542616
2375.49622542616
2375.49622542616
2375.49622542616
2375.49622542616
2375.49622542616
2375.49622542616
2375.49622542616
2375.49622542616
2375.49622542616
2375.49622542616
2375.49622542616
2375.49622542616
2375.49622542616
2375.49622542616
2375.49622542616
2375.49622542616
2375.49622542616
2375.49622542616
2375.49622542616
2375.49622542616
2375.49622542616
2375.49622542616
2375.49622542616
2375.49622542616
2375.49622542616
2375.49622542616
2375.49622542616
2375.49622542616
2375.49622542616
2375.49622542616
2375.49622542616
2375.49622542616
2375.49622542616
2375.49622542616
2375.49622542616
2375.49622542616
2375.49622542616
2375.49622542616
2375.49622542616
2375.49622542616
2375.49622542616
2375.49622542616
2375.49622542616
2375.49622542616
2375.49622542616
2375.49622542616
2375.49622542616
2375.49622542616
2375.49622542616
2375.49622542616
2375.49622542616
2375.49622542616
2375.49622542616
2375.49622542616
2375.49622542616
2375.49622542616
2375.49622542616
2375.49622542616
2375.49622542616
2375.49622542616
2375.49622542616
2375.49622542616
2375.49622542616
2375.49622542616
2375.49622542616
2375.49622542616
2375.49622542616
2375.49622542616
2375.49622542616
2375.49622542616
2375.49622542616
2375.49622542616
2375.49622542616
2375.49622542616
2375.49622542616
2375.49622542616
2375.49622542616
2375.49622542616
2375.49622542616
2375.49622542616
2375.49622542616
2375.49622542616
2375.49622542616
2375.49622542616
2375.49622542616
2375.49622542616
2375.49622542616
2375.49622542616
2375.49622542616
2375.49622542616
2375.49622542616
2375.49622542616
2375.49622542616
2375.49622542616
2375.49622542616
2375.49622542616
2375.49622542616
2375.49622542616
2375.49622542616
2375.49622542616
2375.49622542616
2375.49622542616
2375.49622542616
2375.49622542616
2375.49622542616
2375.49622542616
2375.49622542616
2375.49622542616
2375.49622542616
2375.49622542616
2375.49622542616
2375.49622542616
2375.49622542616
2374.78391774544
2374.78391774544
2374.78391774544
2374.78391774544
2374.78391774544
2374.78391774544
2374.78391774544
2374.78391774544
2374.78391774544
2374.78391774544
2374.78391774544
2374.78391774544
2374.78391774544
2374.78391774544
2374.78391774544
2374.78391774544
2374.78391774544
2374.78391774544
2374.78391774544
2374.78391774544
2374.78391774544
2374.78391774544
2374.78391774544
2374.78391774544
2374.78391774544
2374.78391774544
2374.78391774544
2374.78391774544
2374.78391774544
2374.78391774544
2374.78391774544
2374.78391774544
2374.78391774544
2374.78391774544
2374.78391774544
2374.78391774544
2374.78391774544
2374.78391774544
2374.78391774544
2374.78391774544
2374.78391774544
2374.78391774544
2374.78391774544
2374.78391774544
2374.78391774544
2374.78391774544
2374.78391774544
2374.78391774544
2374.78391774544
2374.78391774544
2374.78391774544
2374.78391774544
2374.78391774544
2374.78391774544
2374.78391774544
2374.78391774544
2374.78391774544
2374.78391774544
2374.78391774544
2374.78391774544
2374.78391774544
2374.78391774544
2374.78391774544
2374.78391774544
2374.78391774544
2374.78391774544
2374.78391774544
2374.78391774544
2374.78391774544
2374.78391774544
2374.78391774544
2374.78391774544
2374.78391774544
2374.78391774544
2374.78391774544
2374.78391774544
2374.78391774544
2374.78391774544
2374.78391774544
2374.78391774544
2374.78391774544
2374.78391774544
2374.78391774544
2374.78391774544
2374.78391774544
2374.78391774544
2374.78391774544
2374.78391774544
2374.78391774544
2374.78391774544
2374.78391774544
2374.78391774544
2374.78391774544
2374.78391774544
2374.78391774544
2374.78391774544
2374.78391774544
2374.78391774544
2374.78391774544
2374.78391774544
2374.78391774544
2374.78391774544
2374.78391774544
2374.78391774544
2374.78391774544
2374.78391774544
2374.78391774544
2374.78391774544
2374.78391774544
2374.78391774544
2374.78391774544
2374.78391774544
2374.78391774544
2374.78391774544
2374.78391774544
2374.78391774544
2374.78391774544
2374.78391774544
2374.78391774544
2374.78391774544
2374.78391774544
2372.42465130892
2372.42465130892
2372.42465130892
2372.42465130892
2372.42465130892
2372.42465130892
2372.42465130892
2372.42465130892
2372.42465130892
2372.42465130892
2372.42465130892
2372.42465130892
2372.42465130892
2372.42465130892
2372.42465130892
2372.42465130892
2372.42465130892
2372.42465130892
2367.86476112782
2367.86476112782
2367.86476112782
2367.86476112782
2367.86476112782
2367.86476112782
2367.86476112782
2367.86476112782
2367.86476112782
2367.86476112782
2367.86476112782
2367.86476112782
2367.86476112782
2367.86476112782
2367.86476112782
2367.86476112782
2367.86476112782
2367.86476112782
2367.86476112782
2367.86476112782
2367.86476112782
2367.86476112782
2367.86476112782
2367.86476112782
2367.86476112782
2367.86476112782
2367.86476112782
2367.86476112782
2367.86476112782
2367.86476112782
2367.86476112782
2367.86476112782
2367.86476112782
2367.86476112782
2367.86476112782
2367.86476112782
2367.86476112782
2367.86476112782
2367.86476112782
2367.86476112782
2367.86476112782
2367.86476112782
2367.86476112782
2367.86476112782
2367.86476112782
2367.86476112782
2367.86476112782
2367.86476112782
2364.35678314514
2364.35678314514
2364.35678314514
2358.60829672454
2358.60829672454
2358.60829672454
2358.60829672454
2358.60829672454
2358.60829672454
2358.60829672454
2358.60829672454
2358.60829672454
2358.60829672454
2358.60829672454
2358.60829672454
2358.60829672454
2358.60829672454
2358.60829672454
2358.60829672454
2358.60829672454
2358.60829672454
2358.60829672454
2358.60829672454
2358.60829672454
2358.60829672454
2347.06307096147
2347.06307096147
2347.06307096147
2347.06307096147
2347.06307096147
2347.06307096147
2347.06307096147
2347.06307096147
2347.06307096147
2347.06307096147
2347.06307096147
2347.06307096147
2347.06307096147
2347.06307096147
2347.06307096147
2347.06307096147
2347.06307096147
2347.06307096147
2347.06307096147
2347.06307096147
2347.06307096147
2347.06307096147
2347.06307096147
2347.06307096147
2347.06307096147
2347.06307096147
2347.06307096147
2347.06307096147
2347.06307096147
2347.06307096147
2347.06307096147
2347.06307096147
2347.06307096147
2347.06307096147
2347.06307096147
2347.06307096147
2347.06307096147
2347.06307096147
2347.06307096147
2347.06307096147
2347.06307096147
2347.06307096147
2347.06307096147
2347.06307096147
2347.06307096147
2347.06307096147
2347.06307096147
2347.06307096147
2347.06307096147
2347.06307096147
2347.06307096147
2347.06307096147
2347.06307096147
2347.06307096147
2347.06307096147
2347.06307096147
2347.06307096147
2347.06307096147
2347.06307096147
2347.06307096147
2347.06307096147
2347.06307096147
2347.06307096147
2347.06307096147
2347.06307096147
2347.06307096147
2347.06307096147
2347.06307096147
2347.06307096147
2347.06307096147
2347.06307096147
2347.06307096147
2347.06307096147
2347.06307096147
2347.06307096147
2347.06307096147
2347.06307096147
2347.06307096147
2347.06307096147
2347.06307096147
2347.06307096147
2347.06307096147
2347.06307096147
2347.06307096147
2347.06307096147
2347.06307096147
2347.06307096147
2347.06307096147
2347.06307096147
2347.06307096147
2347.06307096147
2347.06307096147
2347.06307096147
2347.06307096147
2347.06307096147
2347.06307096147
2347.06307096147
2347.06307096147
2347.06307096147
2347.06307096147
2347.06307096147
2347.06307096147
2347.06307096147
2347.06307096147
2347.06307096147
2347.06307096147
2347.06307096147
2347.06307096147
2347.06307096147
2347.06307096147
2347.06307096147
2347.06307096147
2347.06307096147
2347.06307096147
2347.06307096147
2347.06307096147
2347.06307096147
2347.06307096147
2347.06307096147
2347.06307096147
2347.06307096147
2347.06307096147
2347.06307096147
2347.06307096147
2347.06307096147
2347.06307096147
2347.06307096147
2347.06307096147
2347.06307096147
2347.06307096147
2347.06307096147
2347.06307096147
2347.06307096147
2347.06307096147
2347.06307096147
2347.06307096147
2347.06307096147
2347.06307096147
2347.06307096147
2347.06307096147
2347.06307096147
2347.06307096147
2347.06307096147
2347.06307096147
2347.06307096147
2347.06307096147
2347.06307096147
2347.06307096147
2347.06307096147
2347.06307096147
2347.06307096147
2347.06307096147
2347.06307096147
2347.06307096147
2347.06307096147
2347.06307096147
2347.06307096147
2347.06307096147
2347.06307096147
2347.06307096147
2347.06307096147
2347.06307096147
2347.06307096147
2347.06307096147
2347.06307096147
2347.06307096147
2347.06307096147
2347.06307096147
2347.06307096147
2347.06307096147
2347.06307096147
2347.06307096147
2347.06307096147
2347.06307096147
2347.06307096147
2347.06307096147
2347.06307096147
2347.06307096147
2347.06307096147
2347.06307096147
2347.06307096147
2347.06307096147
2347.06307096147
2347.06307096147
2347.06307096147
2347.06307096147
2347.06307096147
2347.06307096147
2347.06307096147
2347.06307096147
2347.06307096147
2347.06307096147
2347.06307096147
2347.06307096147
2347.06307096147
2347.06307096147
2347.06307096147
2347.06307096147
2347.06307096147
2347.06307096147
2347.06307096147
2347.06307096147
2347.06307096147
2347.06307096147
2347.06307096147
2347.06307096147
2347.06307096147
2347.06307096147
2347.06307096147
2347.06307096147
2347.06307096147
2347.06307096147
2347.06307096147
2347.06307096147
2347.06307096147
2347.06307096147
2347.06307096147
2347.06307096147
2347.06307096147
2347.06307096147
2347.06307096147
2347.06307096147
2347.06307096147
2347.06307096147
2347.06307096147
2347.06307096147
2347.06307096147
2347.06307096147
2347.06307096147
2347.06307096147
2347.06307096147
2347.06307096147
2347.06307096147
2347.06307096147
2347.06307096147
2347.06307096147
2347.06307096147
2347.06307096147
2347.06307096147
2347.06307096147
2347.06307096147
2347.06307096147
2347.06307096147
2347.06307096147
2347.06307096147
2347.06307096147
2347.06307096147
2347.06307096147
2347.06307096147
2347.06307096147
2347.06307096147
2347.06307096147
2347.06307096147
2347.06307096147
2347.06307096147
2347.06307096147
2347.06307096147
2347.06307096147
2347.06307096147
2347.06307096147
2347.06307096147
2347.06307096147
2347.06307096147
2347.06307096147
2347.06307096147
2347.06307096147
2347.06307096147
2347.06307096147
2347.06307096147
2347.06307096147
2347.06307096147
2347.06307096147
2347.06307096147
2347.06307096147
2347.06307096147
2347.06307096147
2347.06307096147
2347.06307096147
2347.06307096147
2347.06307096147
2347.06307096147
2347.06307096147
2347.06307096147
2347.06307096147
2347.06307096147
2347.06307096147
2347.06307096147
2347.06307096147
2347.06307096147
2347.06307096147
2347.06307096147
2347.06307096147
2347.06307096147
2347.06307096147
2347.06307096147
2347.06307096147
2347.06307096147
2347.06307096147
2347.06307096147
2347.06307096147
2347.06307096147
2347.06307096147
2347.06307096147
2347.06307096147
2347.06307096147
2347.06307096147
2347.06307096147
2347.06307096147
2347.06307096147
2347.06307096147
2347.06307096147
2347.06307096147
2347.06307096147
2347.06307096147
2347.06307096147
2347.06307096147
2347.06307096147
2347.06307096147
2347.06307096147
2347.06307096147
2347.06307096147
2347.06307096147
2347.06307096147
2347.06307096147
2347.06307096147
2347.06307096147
2347.06307096147
2347.06307096147
2347.06307096147
2347.06307096147
2347.06307096147
2347.06307096147
2347.06307096147
2347.06307096147
2347.06307096147
2347.06307096147
2347.06307096147
2347.06307096147
2347.06307096147
2347.06307096147
2347.06307096147
2347.06307096147
2347.06307096147
2347.06307096147
2347.06307096147
2347.06307096147
2347.06307096147
2347.06307096147
2347.06307096147
2347.06307096147
2347.06307096147
2347.06307096147
2347.06307096147
2347.06307096147
2347.06307096147
2347.06307096147
2347.06307096147
2347.06307096147
2347.06307096147
2347.06307096147
2347.06307096147
2347.06307096147
2347.06307096147
2347.06307096147
2347.06307096147
2347.06307096147
2347.06307096147
2347.06307096147
2347.06307096147
2347.06307096147
2347.06307096147
2347.06307096147
2347.06307096147
2347.06307096147
2347.06307096147
2347.06307096147
2347.06307096147
2347.06307096147
2347.06307096147
2347.06307096147
2347.06307096147
2347.06307096147
2347.06307096147
2347.06307096147
2347.06307096147
2347.06307096147
2347.06307096147
2347.06307096147
2347.06307096147
2347.06307096147
2347.06307096147
2347.06307096147
2347.06307096147
2347.06307096147
2347.06307096147
2347.06307096147
2347.06307096147
2347.06307096147
2347.06307096147
2347.06307096147
2347.06307096147
2347.06307096147
2347.06307096147
2347.06307096147
2347.06307096147
2347.06307096147
2347.06307096147
2347.06307096147
2347.06307096147
2347.06307096147
2347.06307096147
2347.06307096147
2347.06307096147
2347.06307096147
2347.06307096147
2347.06307096147
2347.06307096147
2347.06307096147
2347.06307096147
2347.06307096147
2347.06307096147
2347.06307096147
2347.06307096147
2347.06307096147
2347.06307096147
2347.06307096147
2347.06307096147
2347.06307096147
2347.06307096147
2347.06307096147
2347.06307096147
2347.06307096147
2347.06307096147
2347.06307096147
2347.06307096147
2347.06307096147
2347.06307096147
2347.06307096147
2347.06307096147
2347.06307096147
2347.06307096147
2347.06307096147
2347.06307096147
2347.06307096147
2347.06307096147
2347.06307096147
2347.06307096147
2347.06307096147
2347.06307096147
2347.06307096147
2347.06307096147
2347.06307096147
2347.06307096147
2347.06307096147
2347.06307096147
2347.06307096147
2347.06307096147
2347.06307096147
2347.06307096147
2347.06307096147
2347.06307096147
2347.06307096147
2347.06307096147
2347.06307096147
2347.06307096147
2347.06307096147
2347.06307096147
2347.06307096147
2347.06307096147
2347.06307096147
2347.06307096147
2347.06307096147
2347.06307096147
2347.06307096147
2347.06307096147
2347.06307096147
2347.06307096147
2347.06307096147
2347.06307096147
2347.06307096147
2347.06307096147
2347.06307096147
2347.06307096147
2347.06307096147
2347.06307096147
2347.06307096147
2347.06307096147
2347.06307096147
2347.06307096147
2347.06307096147
2347.06307096147
2347.06307096147
2347.06307096147
2347.06307096147
2347.06307096147
2347.06307096147
2347.06307096147
2347.06307096147
2347.06307096147
2347.06307096147
2347.06307096147
2347.06307096147
2347.06307096147
2347.06307096147
2347.06307096147
2347.06307096147
2347.06307096147
2347.06307096147
2347.06307096147
2347.06307096147
2347.06307096147
2347.06307096147
2347.06307096147
2347.06307096147
2347.06307096147
2347.06307096147
2347.06307096147
2347.06307096147
2347.06307096147
2347.06307096147
2347.06307096147
2347.06307096147
2347.06307096147
2347.06307096147
2347.06307096147
2347.06307096147
2347.06307096147
2347.06307096147
2347.06307096147
2347.06307096147
2347.06307096147
2347.06307096147
2347.06307096147
2347.06307096147
2347.06307096147
2347.06307096147
2347.06307096147
2347.06307096147
2347.06307096147
2347.06307096147
2347.06307096147
2347.06307096147
2347.06307096147
2347.06307096147
2347.06307096147
2347.06307096147
2347.06307096147
2347.06307096147
2347.06307096147
2347.06307096147
2347.06307096147
2347.06307096147
2347.06307096147
2347.06307096147
2347.06307096147
2347.06307096147
2347.06307096147
2347.06307096147
2347.06307096147
2347.06307096147
2347.06307096147
2347.06307096147
2347.06307096147
2347.06307096147
2347.06307096147
2347.06307096147
2347.06307096147
2347.06307096147
2347.06307096147
2347.06307096147
2347.06307096147
2347.06307096147
2347.06307096147
2347.06307096147
2347.06307096147
2347.06307096147
2347.06307096147
2347.06307096147
2347.06307096147
2347.06307096147
2347.06307096147
2336.49907216516
2336.49907216516
2336.49907216516
2336.49907216516
2336.49907216516
2336.49907216516
2336.49907216516
2336.49907216516
2336.49907216516
2336.49907216516
2336.49907216516
2336.49907216516
2336.49907216516
2336.49907216516
2336.49907216516
2336.49907216516
2336.49907216516
2336.49907216516
2336.49907216516
2336.49907216516
2336.49907216516
2336.49907216516
2336.49907216516
2336.49907216516
2336.49907216516
2336.49907216516
2336.49907216516
2336.49907216516
2336.49907216516
2336.49907216516
2336.49907216516
2336.49907216516
2336.49907216516
2336.49907216516
2336.49907216516
2336.49907216516
2336.49907216516
2336.49907216516
2336.49907216516
2336.49907216516
2336.49907216516
2336.49907216516
2336.49907216516
2336.49907216516
2336.49907216516
2336.49907216516
2336.49907216516
2336.49907216516
2336.49907216516
2336.49907216516
2336.49907216516
2336.49907216516
2336.49907216516
2336.49907216516
2336.49907216516
2336.49907216516
2336.49907216516
2336.49907216516
2336.49907216516
2336.49907216516
2336.49907216516
2336.49907216516
2336.49907216516
2336.49907216516
2336.49907216516
2336.49907216516
2336.49907216516
2336.49907216516
2336.49907216516
2336.49907216516
2336.49907216516
2336.49907216516
2336.49907216516
2336.49907216516
2336.49907216516
2336.49907216516
2336.49907216516
2336.49907216516
2336.49907216516
2336.49907216516
2336.49907216516
2336.49907216516
2336.49907216516
2336.49907216516
2336.49907216516
2336.49907216516
2336.49907216516
2336.49907216516
2336.49907216516
2336.49907216516
2336.49907216516
2336.49907216516
2336.49907216516
2336.49907216516
2336.49907216516
2336.49907216516
2336.49907216516
2336.49907216516
2336.49907216516
2336.49907216516
2336.49907216516
2336.49907216516
2336.49907216516
2336.49907216516
2336.49907216516
2336.49907216516
2336.49907216516
2336.49907216516
2336.49907216516
2336.49907216516
2336.49907216516
2336.49907216516
2336.49907216516
2336.49907216516
2336.49907216516
2336.49907216516
2336.49907216516
2336.49907216516
2336.49907216516
2336.49907216516
2336.49907216516
2336.49907216516
2336.49907216516
2336.49907216516
2336.49907216516
2336.49907216516
2336.49907216516
2336.49907216516
2336.49907216516
2336.49907216516
2336.49907216516
2336.49907216516
2336.49907216516
2336.49907216516
2336.49907216516
2336.49907216516
2336.49907216516
2336.49907216516
2336.49907216516
2336.49907216516
2336.49907216516
2336.49907216516
2336.49907216516
2336.49907216516
2336.49907216516
2336.49907216516
2336.49907216516
2336.49907216516
2336.49907216516
2336.49907216516
2336.49907216516
2336.49907216516
2336.49907216516
2336.49907216516
2336.49907216516
2336.49907216516
2336.49907216516
2336.49907216516
2336.49907216516
2336.49907216516
2336.49907216516
2336.49907216516
2336.49907216516
2336.49907216516
2336.49907216516
2336.49907216516
2336.49907216516
2336.49907216516
2336.49907216516
2336.49907216516
2336.49907216516
2336.49907216516
2336.49907216516
2336.49907216516
2336.49907216516
2336.49907216516
2336.49907216516
2336.49907216516
2336.49907216516
2336.49907216516
2336.49907216516
2336.49907216516
2336.49907216516
2336.49907216516
2336.49907216516
2336.49907216516
2336.49907216516
2336.49907216516
2336.49907216516
2336.49907216516
2336.49907216516
2336.49907216516
2336.49907216516
2336.49907216516
2336.49907216516
2336.49907216516
2336.49907216516
2336.49907216516
2336.49907216516
2336.49907216516
2336.49907216516
2336.49907216516
2336.49907216516
2336.49907216516
2336.49907216516
2336.49907216516
2336.49907216516
2336.49907216516
2336.49907216516
2336.49907216516
2336.49907216516
2336.49907216516
2336.49907216516
2336.49907216516
2336.49907216516
2336.49907216516
2336.49907216516
2336.49907216516
2336.49907216516
2336.49907216516
2336.49907216516
2336.49907216516
2336.49907216516
2336.49907216516
2336.49907216516
2336.49907216516
2336.49907216516
2336.49907216516
2336.49907216516
2336.49907216516
2336.49907216516
2336.49907216516
2336.49907216516
2336.49907216516
2336.49907216516
2336.49907216516
2336.49907216516
2336.49907216516
2336.49907216516
2336.49907216516
2336.49907216516
2336.49907216516
2336.49907216516
2336.49907216516
2336.49907216516
2336.49907216516
2336.49907216516
2336.49907216516
2336.49907216516
2336.49907216516
2336.49907216516
2336.49907216516
2336.49907216516
2336.49907216516
2336.49907216516
2336.49907216516
2336.49907216516
2336.49907216516
2336.49907216516
2336.49907216516
2336.49907216516
2336.49907216516
2336.49907216516
2336.49907216516
2336.49907216516
2336.49907216516
2336.49907216516
2336.49907216516
2336.49907216516
2336.49907216516
2336.49907216516
2336.49907216516
2336.49907216516
2336.49907216516
2336.49907216516
2336.49907216516
2336.49907216516
2336.49907216516
2336.49907216516
2336.49907216516
2336.49907216516
2336.49907216516
2336.49907216516
2336.49907216516
2336.49907216516
2336.49907216516
2336.49907216516
2336.49907216516
2336.49907216516
2336.49907216516
2336.49907216516
2336.49907216516
2336.49907216516
2336.49907216516
2336.49907216516
2336.49907216516
2336.49907216516
2336.49907216516
2336.49907216516
2336.49907216516
2336.49907216516
2336.49907216516
2336.49907216516
2336.49907216516
2336.49907216516
2336.49907216516
2336.49907216516
2336.49907216516
2336.49907216516
2336.49907216516
2336.49907216516
2336.49907216516
2336.49907216516
2336.49907216516
2336.49907216516
2336.49907216516
2336.49907216516
2336.49907216516
2336.49907216516
2336.49907216516
2336.49907216516
2336.49907216516
2336.49907216516
2336.49907216516
2336.49907216516
2336.49907216516
2336.49907216516
2336.49907216516
2336.49907216516
2336.49907216516
2336.49907216516
2336.49907216516
2336.49907216516
2336.49907216516
2336.49907216516
2336.49907216516
2336.49907216516
2336.49907216516
2336.49907216516
2336.49907216516
2336.49907216516
2336.49907216516
2336.49907216516
2336.49907216516
2336.49907216516
2336.49907216516
2336.49907216516
2336.49907216516
2336.49907216516
2336.49907216516
2336.49907216516
2336.49907216516
2336.49907216516
2336.49907216516
2336.49907216516
2336.49907216516
2336.49907216516
2336.49907216516
2336.49907216516
2336.49907216516
2336.49907216516
2336.49907216516
2336.49907216516
2336.49907216516
2336.49907216516
2336.49907216516
2336.49907216516
2336.49907216516
2336.49907216516
2336.49907216516
2336.49907216516
2336.49907216516
2336.49907216516
2336.49907216516
2336.49907216516
2336.49907216516
2336.49907216516
2336.49907216516
2336.49907216516
2336.49907216516
2336.49907216516
2336.49907216516
2336.49907216516
2336.49907216516
2336.49907216516
2336.49907216516
2336.49907216516
2336.49907216516
2336.49907216516
2336.49907216516
2336.49907216516
2336.49907216516
2336.49907216516
2336.49907216516
2336.49907216516
2336.49907216516
2336.49907216516
2336.49907216516
2336.49907216516
2336.49907216516
2336.49907216516
2336.49907216516
2336.49907216516
2336.49907216516
2336.49907216516
2336.49907216516
2336.49907216516
2336.49907216516
2336.49907216516
2336.49907216516
2336.49907216516
2336.49907216516
2336.49907216516
2336.49907216516
2336.49907216516
2336.49907216516
2336.49907216516
2336.49907216516
2336.49907216516
2336.49907216516
2335.08050811266
2335.08050811266
2335.08050811266
2335.08050811266
2335.08050811266
2335.08050811266
2335.08050811266
2335.08050811266
2335.08050811266
2335.08050811266
2335.08050811266
2335.08050811266
2335.08050811266
2335.08050811266
2335.08050811266
2335.08050811266
2335.08050811266
2335.08050811266
2335.08050811266
2335.08050811266
2335.08050811266
2335.08050811266
2335.08050811266
2335.08050811266
2335.08050811266
2335.08050811266
2335.08050811266
2335.08050811266
2335.08050811266
2335.08050811266
2335.08050811266
2335.08050811266
2335.08050811266
2335.08050811266
2335.08050811266
2335.08050811266
2335.08050811266
2335.08050811266
2335.08050811266
2335.08050811266
2335.08050811266
2335.08050811266
2335.08050811266
2335.08050811266
2335.08050811266
2335.08050811266
2335.08050811266
2335.08050811266
2335.08050811266
2335.08050811266
2335.08050811266
2335.08050811266
2335.08050811266
2335.08050811266
2335.08050811266
2335.08050811266
2335.08050811266
2335.08050811266
2335.08050811266
2335.08050811266
2335.08050811266
2335.08050811266
2335.08050811266
2335.08050811266
2335.08050811266
2335.08050811266
2335.08050811266
2335.08050811266
2335.08050811266
2335.08050811266
2335.08050811266
2335.08050811266
2335.08050811266
2335.08050811266
2335.08050811266
2335.08050811266
2335.08050811266
2335.08050811266
2335.08050811266
2335.08050811266
2335.08050811266
2335.08050811266
2335.08050811266
2335.08050811266
2335.08050811266
2335.08050811266
2335.08050811266
2335.08050811266
2335.08050811266
2335.08050811266
2335.08050811266
2335.08050811266
2335.08050811266
2335.08050811266
2335.08050811266
2335.08050811266
2335.08050811266
2335.08050811266
2335.08050811266
2335.08050811266
2335.08050811266
2335.08050811266
2335.08050811266
2335.08050811266
2335.08050811266
2335.08050811266
2335.08050811266
2335.08050811266
2335.08050811266
2335.08050811266
2335.08050811266
2335.08050811266
2335.08050811266
2335.08050811266
2335.08050811266
2335.08050811266
2335.08050811266
2335.08050811266
2335.08050811266
2335.08050811266
2335.08050811266
2335.08050811266
2335.08050811266
2335.08050811266
2335.08050811266
2335.08050811266
2335.08050811266
2335.08050811266
2335.08050811266
2335.08050811266
2335.08050811266
2335.08050811266
2335.08050811266
2335.08050811266
2335.08050811266
2335.08050811266
2335.08050811266
2335.08050811266
2335.08050811266
2335.08050811266
2335.08050811266
2335.08050811266
2331.64240812148
2331.64240812148
2331.64240812148
2331.64240812148
2331.64240812148
2331.64240812148
2331.64240812148
2331.64240812148
2331.64240812148
2331.64240812148
2331.64240812148
2331.64240812148
2331.64240812148
2331.64240812148
2331.64240812148
2331.64240812148
2331.64240812148
2331.64240812148
2331.64240812148
2331.64240812148
2331.64240812148
2331.64240812148
2331.64240812148
2331.64240812148
2331.64240812148
2331.64240812148
2331.64240812148
2331.64240812148
2331.64240812148
2331.64240812148
2331.64240812148
2331.64240812148
2331.64240812148
2331.64240812148
2331.64240812148
2331.64240812148
2331.64240812148
2325.65438583164
2325.65438583164
2325.65438583164
2325.65438583164
2325.65438583164
2325.65438583164
2325.65438583164
2325.65438583164
2325.65438583164
2325.65438583164
2325.65438583164
2325.65438583164
2325.65438583164
2325.65438583164
2325.65438583164
2325.65438583164
2325.65438583164
2325.65438583164
2325.65438583164
2325.65438583164
2325.65438583164
2325.65438583164
2325.65438583164
2325.65438583164
2325.65438583164
2325.65438583164
2325.65438583164
2325.65438583164
2325.65438583164
2325.65438583164
2325.65438583164
2325.65438583164
2325.65438583164
2325.65438583164
2325.65438583164
2325.65438583164
2325.65438583164
2325.65438583164
2325.65438583164
2325.65438583164
2325.65438583164
2325.65438583164
2325.65438583164
2325.65438583164
2325.65438583164
2325.65438583164
2325.65438583164
2325.65438583164
2325.65438583164
2325.65438583164
2325.65438583164
2325.65438583164
2325.65438583164
2325.65438583164
2325.65438583164
2325.65438583164
2325.65438583164
2325.65438583164
2325.65438583164
2325.65438583164
2325.65438583164
2325.65438583164
2325.65438583164
2325.65438583164
2325.65438583164
2325.65438583164
2325.65438583164
2325.65438583164
2325.65438583164
2325.65438583164
2325.65438583164
2325.65438583164
2325.65438583164
2325.65438583164
2325.65438583164
2325.65438583164
2325.65438583164
2325.65438583164
2325.65438583164
2325.65438583164
2325.65438583164
2325.65438583164
2325.65438583164
2325.65438583164
2325.65438583164
2325.65438583164
2325.65438583164
2325.65438583164
2325.65438583164
2325.65438583164
2325.65438583164
2325.65438583164
2325.65438583164
2325.65438583164
2325.65438583164
2325.65438583164
2325.65438583164
2325.65438583164
2325.65438583164
2325.65438583164
2325.65438583164
2325.65438583164
2325.65438583164
2325.65438583164
2325.65438583164
2325.65438583164
2325.65438583164
2325.65438583164
2325.65438583164
2325.65438583164
2325.65438583164
2325.65438583164
2325.65438583164
2325.65438583164
2325.65438583164
2325.65438583164
2325.65438583164
2325.65438583164
2325.65438583164
2325.65438583164
2325.65438583164
2325.65438583164
2325.65438583164
2325.65438583164
2325.65438583164
2325.65438583164
2325.65438583164
2325.65438583164
2325.65438583164
2325.65438583164
2325.65438583164
2325.65438583164
2325.65438583164
2325.65438583164
2325.65438583164
2325.65438583164
2325.65438583164
2325.65438583164
2325.65438583164
2325.65438583164
2325.65438583164
2325.65438583164
2325.65438583164
2325.65438583164
2325.65438583164
2325.65438583164
2325.65438583164
2325.65438583164
2325.65438583164
2325.65438583164
2325.65438583164
2325.65438583164
2325.65438583164
2325.65438583164
2325.65438583164
2325.65438583164
2325.65438583164
2325.65438583164
2325.65438583164
2325.65438583164
2325.65438583164
2325.65438583164
2325.65438583164
2325.65438583164
2325.65438583164
2325.65438583164
2325.65438583164
2325.65438583164
2325.65438583164
2325.65438583164
2325.65438583164
2325.65438583164
2325.65438583164
2325.65438583164
2325.65438583164
2325.65438583164
2325.65438583164
2325.65438583164
2325.65438583164
2325.65438583164
2325.65438583164
2325.65438583164
2325.65438583164
2325.65438583164
2325.65438583164
2325.65438583164
2325.65438583164
2325.65438583164
2325.65438583164
2325.65438583164
2325.65438583164
2325.65438583164
2325.65438583164
2325.65438583164
2325.65438583164
2325.65438583164
2325.65438583164
2325.65438583164
2325.65438583164
2325.65438583164
2325.65438583164
2325.65438583164
2325.65438583164
2325.65438583164
2325.65438583164
2325.65438583164
2325.65438583164
2325.65438583164
2325.65438583164
2325.65438583164
2325.65438583164
2325.65438583164
2325.65438583164
2325.65438583164
2325.65438583164
2325.65438583164
2325.65438583164
2325.65438583164
2325.65438583164
2325.65438583164
2325.65438583164
2325.65438583164
2325.65438583164
2325.65438583164
2325.65438583164
2325.65438583164
2325.65438583164
2325.65438583164
2325.65438583164
2325.65438583164
2325.65438583164
2325.65438583164
2325.65438583164
2325.65438583164
2325.65438583164
2325.65438583164
2325.65438583164
2325.65438583164
2325.65438583164
2325.65438583164
2325.65438583164
2325.65438583164
2325.65438583164
2325.65438583164
2325.65438583164
2325.65438583164
2325.65438583164
2325.65438583164
2325.65438583164
2325.65438583164
2325.65438583164
2325.62389367086
2325.62389367086
2325.62389367086
2325.62389367086
2325.62389367086
2325.62389367086
2325.62389367086
2325.62389367086
2325.62389367086
2325.62389367086
2325.62389367086
2325.62389367086
2325.62389367086
2325.62389367086
2325.62389367086
2325.62389367086
2325.62389367086
2325.62389367086
2325.62389367086
2325.62389367086
2325.62389367086
2325.62389367086
2325.62389367086
2325.62389367086
2325.62389367086
2325.62389367086
2325.62389367086
2325.62389367086
2325.62389367086
2325.62389367086
2325.62389367086
2325.62389367086
2325.62389367086
2325.62389367086
2325.62389367086
2325.62389367086
2325.62389367086
2325.62389367086
2325.62389367086
2325.62389367086
2325.62389367086
2325.62389367086
2325.62389367086
2325.62389367086
2325.62389367086
2325.62389367086
2325.62389367086
2325.62389367086
2325.62389367086
2325.62389367086
2325.62389367086
2325.62389367086
2325.62389367086
2325.62389367086
2325.62389367086
2325.62389367086
2325.62389367086
2325.62389367086
2325.62389367086
2325.62389367086
2325.62389367086
2325.62389367086
2325.62389367086
2325.62389367086
2325.62389367086
2325.62389367086
2325.62389367086
2325.62389367086
2325.62389367086
2325.62389367086
2325.62389367086
2325.62389367086
2325.62389367086
2325.62389367086
2325.62389367086
2325.62389367086
2325.62389367086
2325.62389367086
2325.62389367086
2325.62389367086
2325.62389367086
2325.62389367086
2325.62389367086
2325.62389367086
2325.62389367086
2325.62389367086
2325.62389367086
2325.62389367086
2325.62389367086
2325.62389367086
2325.62389367086
2325.62389367086
2325.62389367086
2325.62389367086
2325.62389367086
2325.62389367086
2325.62389367086
2325.62389367086
2325.62389367086
2325.62389367086
2325.62389367086
2325.62389367086
2325.62389367086
2325.62389367086
2325.62389367086
2325.62389367086
2325.62389367086
2325.62389367086
2325.62389367086
2325.62389367086
2325.62389367086
2325.62389367086
2325.62389367086
2325.62389367086
2325.62389367086
2325.62389367086
2325.62389367086
2325.62389367086
2325.62389367086
2325.62389367086
2325.62389367086
2325.62389367086
2325.62389367086
2325.62389367086
2325.62389367086
2325.62389367086
2325.62389367086
2325.62389367086
2325.62389367086
2325.62389367086
2325.62389367086
2325.62389367086
2325.62389367086
2325.62389367086
2325.62389367086
2325.62389367086
2325.62389367086
2325.62389367086
2325.62389367086
2325.62389367086
2325.62389367086
2325.62389367086
2325.62389367086
2325.62389367086
2325.62389367086
2325.62389367086
2325.62389367086
2325.62389367086
2325.62389367086
2325.62389367086
2325.62389367086
2325.62389367086
2325.62389367086
2325.62389367086
2325.62389367086
2325.62389367086
2325.62389367086
2325.62389367086
2325.62389367086
2325.62389367086
2325.62389367086
2325.62389367086
2325.62389367086
2325.62389367086
2325.62389367086
2325.62389367086
2325.62389367086
2325.62389367086
2325.62389367086
2325.62389367086
2325.62389367086
2325.62389367086
2325.62389367086
2325.62389367086
2325.62389367086
2325.62389367086
2325.62389367086
2325.62389367086
2325.62389367086
2325.62389367086
2325.62389367086
2325.62389367086
2325.62389367086
2325.62389367086
2325.62389367086
2325.62389367086
2325.62389367086
2325.62389367086
2325.62389367086
2325.62389367086
2325.62389367086
2325.62389367086
2325.62389367086
2325.62389367086
2325.62389367086
2325.62389367086
2325.62389367086
2320.9008460312
2320.9008460312
2320.9008460312
2320.9008460312
2320.9008460312
2320.9008460312
2320.9008460312
2320.9008460312
2320.9008460312
2320.9008460312
2320.9008460312
2320.9008460312
2320.9008460312
2320.9008460312
2320.9008460312
2320.9008460312
2320.9008460312
2320.9008460312
2320.9008460312
2320.9008460312
2320.9008460312
2320.9008460312
2320.9008460312
2320.9008460312
2320.9008460312
2320.9008460312
2320.9008460312
2320.9008460312
2320.9008460312
2320.9008460312
2320.9008460312
2320.9008460312
2320.9008460312
2320.9008460312
2320.9008460312
2320.9008460312
2320.9008460312
2320.9008460312
2320.9008460312
2320.9008460312
2320.9008460312
2320.9008460312
2320.9008460312
2320.9008460312
2320.9008460312
2320.9008460312
2320.9008460312
2320.9008460312
2320.9008460312
2320.9008460312
2320.9008460312
2320.9008460312
2320.9008460312
2320.9008460312
2320.9008460312
2320.9008460312
2320.9008460312
2320.9008460312
2320.9008460312
2320.9008460312
2320.9008460312
2320.9008460312
2320.9008460312
2320.9008460312
2320.9008460312
2320.9008460312
2320.9008460312
2320.9008460312
2320.9008460312
2320.9008460312
2320.9008460312
2320.9008460312
2320.9008460312
2320.9008460312
2320.9008460312
2320.9008460312
2320.9008460312
2320.9008460312
2320.9008460312
2320.9008460312
2320.9008460312
2320.9008460312
2320.9008460312
2320.9008460312
2320.9008460312
2320.9008460312
2320.9008460312
2320.9008460312
2320.9008460312
2320.9008460312
2320.9008460312
2320.9008460312
2320.9008460312
2320.44154245319
2320.44154245319
2320.44154245319
2320.44154245319
2320.44154245319
2320.44154245319
2320.44154245319
2320.44154245319
2320.44154245319
2320.44154245319
2320.44154245319
2320.44154245319
2320.44154245319
2320.44154245319
2320.44154245319
2320.44154245319
2320.44154245319
2320.44154245319
2320.44154245319
2320.44154245319
2320.44154245319
2320.44154245319
2320.44154245319
2320.44154245319
2320.44154245319
2320.44154245319
2320.44154245319
2320.44154245319
2320.44154245319
2320.44154245319
2320.44154245319
2320.44154245319
2320.44154245319
2320.44154245319
2320.44154245319
2320.44154245319
2320.44154245319
2320.44154245319
2320.44154245319
2320.44154245319
2320.44154245319
2320.44154245319
2320.44154245319
2320.44154245319
2320.44154245319
2320.44154245319
2320.44154245319
2320.44154245319
2320.44154245319
2320.44154245319
2320.44154245319
2320.44154245319
2320.44154245319
2320.44154245319
2320.44154245319
2320.44154245319
2320.44154245319
2320.44154245319
2320.44154245319
2320.44154245319
2320.44154245319
2320.44154245319
2320.44154245319
2320.44154245319
2320.44154245319
2320.44154245319
2320.44154245319
2320.44154245319
2320.44154245319
2320.44154245319
2320.44154245319
2320.44154245319
2320.44154245319
2320.44154245319
2320.44154245319
2320.44154245319
2320.44154245319
2320.44154245319
2320.44154245319
2320.44154245319
2320.44154245319
2320.44154245319
2320.44154245319
2320.44154245319
2320.44154245319
2320.44154245319
2320.44154245319
2320.44154245319
2320.44154245319
2320.44154245319
2320.44154245319
2320.44154245319
2320.44154245319
2320.44154245319
2320.44154245319
2320.44154245319
2320.44154245319
2320.44154245319
2320.44154245319
2320.44154245319
2320.44154245319
2320.44154245319
2320.44154245319
2320.44154245319
2320.44154245319
2320.44154245319
2320.44154245319
2320.44154245319
2320.44154245319
2320.44154245319
2320.44154245319
2320.44154245319
2320.44154245319
2320.44154245319
2320.44154245319
2320.44154245319
2320.44154245319
2320.44154245319
2320.44154245319
2320.44154245319
2320.44154245319
2320.44154245319
2320.44154245319
2320.44154245319
2320.44154245319
2320.44154245319
2320.44154245319
2320.44154245319
2320.44154245319
2320.44154245319
2320.44154245319
2320.44154245319
2320.44154245319
2320.44154245319
2320.44154245319
2320.44154245319
2320.44154245319
2320.44154245319
2320.44154245319
2320.44154245319
2320.44154245319
2320.44154245319
2320.44154245319
2320.44154245319
2320.44154245319
2320.44154245319
2320.44154245319
2320.44154245319
2320.44154245319
2320.44154245319
2320.44154245319
2320.44154245319
2320.44154245319
2320.44154245319
2320.44154245319
2320.44154245319
2320.44154245319
2320.44154245319
2320.44154245319
2320.44154245319
2320.44154245319
2320.44154245319
2320.44154245319
2320.44154245319
2320.44154245319
2320.44154245319
2320.44154245319
2320.44154245319
2320.44154245319
2320.44154245319
2320.44154245319
2320.44154245319
2320.44154245319
2320.44154245319
2320.44154245319
2320.44154245319
2320.44154245319
2320.44154245319
2320.44154245319
2320.44154245319
2320.22937028113
2320.22937028113
2320.22937028113
2320.22937028113
2320.22937028113
2320.22937028113
2320.22937028113
2320.22937028113
2320.22937028113
2320.22937028113
2318.39818520368
2318.39818520368
2318.39818520368
2318.39818520368
2318.39818520368
2316.98881449853
2316.98881449853
2316.98881449853
2316.98881449853
2316.98881449853
2316.98881449853
2316.98881449853
2316.98881449853
2316.98881449853
2316.98881449853
2316.98881449853
2316.98881449853
2316.98881449853
2316.98881449853
2316.98881449853
2316.98881449853
2316.98881449853
2316.98881449853
2316.98881449853
2316.98881449853
2316.98881449853
2316.98881449853
2316.98881449853
2316.98881449853
2316.98881449853
2316.98881449853
2316.98881449853
2316.98881449853
2316.98881449853
2316.98881449853
2316.98881449853
2316.98881449853
2316.98881449853
2316.98881449853
2316.98881449853
2316.98881449853
2316.98881449853
2316.98881449853
2316.98881449853
2316.98881449853
2316.98881449853
2316.98881449853
2316.98881449853
2316.98881449853
2316.98881449853
2316.98881449853
2316.98881449853
2316.98881449853
2316.98881449853
2316.98881449853
2316.98881449853
2316.98881449853
2316.98881449853
2316.98881449853
2314.73792795975
2314.73792795975
2314.70500254983
2314.70500254983
2314.70500254983
2314.70500254983
2314.70500254983
2314.70500254983
2314.70500254983
2314.70500254983
2314.70500254983
2314.70500254983
2314.70500254983
2314.70500254983
2314.70500254983
2314.70500254983
2314.70500254983
2314.70500254983
2314.70500254983
2314.70500254983
2314.70500254983
2314.70500254983
2314.70500254983
2314.70500254983
2314.70500254983
2314.70500254983
2314.70500254983
2314.70500254983
2314.70500254983
2314.70500254983
2314.70500254983
2314.70500254983
2314.70500254983
2314.70500254983
2314.70500254983
2314.70500254983
2314.70500254983
2314.70500254983
2314.70500254983
2314.70500254983
2314.70500254983
2314.70500254983
2314.70500254983
2314.70500254983
2314.70500254983
2314.70500254983
2314.70500254983
2314.70500254983
2314.70500254983
2314.70500254983
2314.70500254983
2314.70500254983
2314.70500254983
2314.70500254983
2314.70500254983
2314.70500254983
2314.70500254983
2314.70500254983
2314.70500254983
2314.70500254983
2314.70500254983
2314.70500254983
2314.70500254983
2314.70500254983
2314.70500254983
2314.70500254983
2314.70500254983
2314.70500254983
2314.70500254983
2314.70500254983
2314.70500254983
2314.70500254983
2314.70500254983
2314.70500254983
2314.70500254983
2314.70500254983
2314.70500254983
2314.70500254983
2314.70500254983
2314.70500254983
2314.70500254983
2314.70500254983
2314.70500254983
2314.70500254983
2314.70500254983
2314.70500254983
2314.70500254983
2314.70500254983
2314.70500254983
2314.70500254983
2314.70500254983
2314.70500254983
2314.70500254983
2314.70500254983
2314.70500254983
2314.70500254983
2314.70500254983
2314.70500254983
2314.70500254983
2314.70500254983
2314.70500254983
2314.70500254983
2314.70500254983
2314.70500254983
2314.70500254983
2314.70500254983
2314.70500254983
2314.70500254983
2314.70500254983
2314.70500254983
2314.70500254983
2314.70500254983
2314.70500254983
2314.70500254983
2314.70500254983
2314.70500254983
2314.70500254983
2314.70500254983
2314.70500254983
2314.70500254983
2314.70500254983
2314.70500254983
2314.70500254983
2314.70500254983
2314.70500254983
2314.70500254983
2314.70500254983
2314.70500254983
2314.70500254983
2314.70500254983
2314.70500254983
2314.70500254983
2314.70500254983
2314.70500254983
2314.70500254983
2314.70500254983
2314.70500254983
2314.70500254983
2314.70500254983
2314.70500254983
2314.70500254983
2314.70500254983
2314.70500254983
2314.70500254983
2314.70500254983
2314.70500254983
2314.70500254983
2314.70500254983
2314.70500254983
2314.70500254983
2314.70500254983
2314.70500254983
2314.70500254983
2314.70500254983
2314.70500254983
2314.70500254983
2314.70500254983
2314.70500254983
2314.70500254983
2314.70500254983
2314.70500254983
2314.70500254983
2314.70500254983
2314.70500254983
2314.70500254983
2314.70500254983
2314.70500254983
2314.70500254983
2314.70500254983
2314.70500254983
2314.70500254983
2314.70500254983
2314.70500254983
2314.70500254983
2314.70500254983
2314.70500254983
2314.70500254983
2314.70500254983
2314.70500254983
2314.70500254983
2314.70500254983
2314.70500254983
2314.70500254983
2314.70500254983
2314.70500254983
2314.70500254983
2314.70500254983
2314.70500254983
2314.70500254983
2314.70500254983
2314.70500254983
2314.70500254983
2314.70500254983
2314.70500254983
2314.70500254983
2314.70500254983
2314.70500254983
2314.70500254983
2314.70500254983
2314.70500254983
2314.70500254983
2314.70500254983
2314.70500254983
2314.70500254983
2314.70500254983
2314.70500254983
2314.70500254983
2314.70500254983
2314.70500254983
2314.70500254983
2314.70500254983
2314.70500254983
2314.70500254983
2314.70500254983
2314.70500254983
2314.70500254983
2314.70500254983
2314.70500254983
2314.70500254983
2314.70500254983
2314.70500254983
2314.70500254983
2314.70500254983
2314.70500254983
2314.70500254983
2314.70500254983
2314.70500254983
2314.70500254983
2314.70500254983
2314.70500254983
2314.70500254983
2314.70500254983
2314.70500254983
2314.70500254983
2314.70500254983
2314.70500254983
2314.70500254983
2314.70500254983
2314.70500254983
2314.70500254983
2314.70500254983
2314.70500254983
2314.70500254983
2314.70500254983
2314.70500254983
2314.70500254983
2314.70500254983
2314.70500254983
2314.70500254983
2314.70500254983
2314.70500254983
2314.70500254983
2314.70500254983
2314.70500254983
2314.70500254983
2314.70500254983
2314.70500254983
2314.70500254983
2314.70500254983
2314.70500254983
2314.70500254983
2314.70500254983
2314.70500254983
2314.70500254983
2314.70500254983
2314.70500254983
2314.70500254983
2314.70500254983
2314.70500254983
2314.70500254983
2314.70500254983
2314.70500254983
2314.70500254983
2314.70500254983
2314.70500254983
2314.70500254983
2314.70500254983
2314.70500254983
2314.70500254983
2314.70500254983
2314.70500254983
2314.70500254983
2314.70500254983
2314.70500254983
2314.70500254983
2314.70500254983
2314.70500254983
2314.70500254983
2314.70500254983
2314.70500254983
2314.70500254983
2314.70500254983
2314.70500254983
2314.70500254983
2314.70500254983
2314.70500254983
2314.70500254983
2314.70500254983
2314.70500254983
2314.70500254983
2314.70500254983
2314.70500254983
2314.70500254983
2314.70500254983
2314.70500254983
2314.70500254983
2314.70500254983
2314.70500254983
2314.70500254983
2314.70500254983
2314.70500254983
2314.70500254983
2314.70500254983
2314.70500254983
2314.70500254983
2314.70500254983
2314.70500254983
2314.70500254983
2314.70500254983
2314.70500254983
2314.70500254983
2314.70500254983
2314.70500254983
2314.70500254983
2314.70500254983
2314.70500254983
2314.70500254983
2314.70500254983
2314.70500254983
2314.70500254983
2314.70500254983
2314.70500254983
2314.70500254983
2314.70500254983
2314.70500254983
2314.70500254983
2314.70500254983
2314.70500254983
2314.70500254983
2314.70500254983
2314.70500254983
2314.70500254983
2314.70500254983
2314.70500254983
2314.70500254983
2314.70500254983
2314.70500254983
2314.70500254983
2314.70500254983
2314.70500254983
2314.70500254983
2314.70500254983
2314.70500254983
2314.70500254983
2314.70500254983
2314.70500254983
2314.70500254983
2314.70500254983
2314.70500254983
2314.70500254983
2314.70500254983
2314.70500254983
2314.70500254983
2314.70500254983
2314.70500254983
2314.70500254983
2314.70500254983
2314.70500254983
2314.70500254983
2314.70500254983
2314.70500254983
2314.70500254983
2314.70500254983
2314.70500254983
2314.70500254983
2314.70500254983
2314.70500254983
2314.70500254983
2314.70500254983
2314.70500254983
2314.70500254983
2314.70500254983
2314.70500254983
2314.70500254983
2314.70500254983
2314.70500254983
2314.70500254983
2314.70500254983
2314.70500254983
2314.70500254983
2314.70500254983
2314.70500254983
2314.70500254983
2314.70500254983
2314.70500254983
2314.70500254983
2314.70500254983
2314.70500254983
2314.70500254983
2314.70500254983
2314.70500254983
2314.70500254983
2314.70500254983
2314.70500254983
2314.70500254983
2314.70500254983
2314.70500254983
2314.70500254983
2314.70500254983
2314.70500254983
2314.70500254983
2314.70500254983
2314.70500254983
2314.70500254983
2314.70500254983
2314.70500254983
2314.70500254983
2314.70500254983
2314.70500254983
2314.70500254983
2314.70500254983
2314.70500254983
2314.70500254983
2314.70500254983
2314.70500254983
2314.70500254983
2314.70500254983
2314.70500254983
2314.70500254983
2314.70500254983
2314.70500254983
2314.70500254983
2314.70500254983
2314.70500254983
2314.70500254983
2314.70500254983
2314.70500254983
2314.70500254983
2314.70500254983
2314.70500254983
2314.70500254983
2314.70500254983
2314.70500254983
2314.70500254983
2314.70500254983
2314.70500254983
2314.70500254983
2314.70500254983
2314.70500254983
2314.70500254983
2314.70500254983
2314.70500254983
2314.70500254983
2314.70500254983
2314.70500254983
2314.70500254983
2314.70500254983
2314.70500254983
2314.70500254983
2314.70500254983
2314.70500254983
2314.70500254983
2314.70500254983
2314.70500254983
2314.70500254983
2314.70500254983
2314.70500254983
2314.70500254983
2314.70500254983
2314.70500254983
2314.70500254983
2314.70500254983
2314.70500254983
2314.70500254983
2314.70500254983
2314.70500254983
2314.70500254983
2314.70500254983
2314.70500254983
2314.70500254983
2314.70500254983
2314.70500254983
2314.70500254983
2314.70500254983
2314.70500254983
2314.70500254983
2314.70500254983
2314.70500254983
2314.70500254983
2314.70500254983
2314.70500254983
2314.70500254983
2314.70500254983
2314.70500254983
2314.70500254983
2314.70500254983
2314.70500254983
2314.70500254983
2314.70500254983
2314.70500254983
2314.70500254983
2314.70500254983
2314.70500254983
2314.70500254983
2314.70500254983
2314.70500254983
2314.70500254983
2314.70500254983
2314.70500254983
2314.70500254983
2314.70500254983
2314.70500254983
2314.70500254983
2314.70500254983
2314.70500254983
2314.70500254983
2314.70500254983
2314.70500254983
2314.70500254983
2314.70500254983
2314.70500254983
2314.70500254983
2314.70500254983
2314.70500254983
2314.70500254983
2314.70500254983
2314.70500254983
2314.70500254983
2314.70500254983
2314.70500254983
2314.70500254983
2314.70500254983
2314.70500254983
2314.70500254983
2314.70500254983
2314.70500254983
2314.70500254983
2314.70500254983
2314.70500254983
2314.70500254983
2314.70500254983
2314.70500254983
2314.70500254983
2314.70500254983
2314.70500254983
2314.70500254983
2314.70500254983
2314.70500254983
2314.70500254983
2314.70500254983
2314.70500254983
2314.70500254983
2314.70500254983
2314.70500254983
2314.70500254983
2314.70500254983
2314.70500254983
2314.70500254983
2314.70500254983
2314.70500254983
2314.70500254983
2314.70500254983
2314.70500254983
2314.70500254983
2314.70500254983
2314.70500254983
2314.70500254983
2314.70500254983
2314.70500254983
2314.70500254983
2314.70500254983
2314.70500254983
2314.70500254983
2314.70500254983
2314.70500254983
2314.70500254983
2314.70500254983
2314.70500254983
2314.70500254983
2314.70500254983
2314.70500254983
2314.70500254983
2314.70500254983
2314.70500254983
2314.70500254983
2314.70500254983
2314.70500254983
2314.70500254983
2314.70500254983
2314.70500254983
2314.70500254983
2314.70500254983
2314.70500254983
2314.70500254983
2314.70500254983
2314.70500254983
2314.70500254983
2314.70500254983
2314.70500254983
2314.70500254983
2314.70500254983
2314.70500254983
2314.70500254983
2314.70500254983
2314.70500254983
2314.70500254983
2314.70500254983
2314.70500254983
2314.70500254983
2314.70500254983
2314.70500254983
2314.70500254983
2314.70500254983
2314.70500254983
2314.70500254983
2314.70500254983
2314.70500254983
2314.70500254983
2314.70500254983
2314.70500254983
2314.70500254983
2314.70500254983
2314.70500254983
2314.70500254983
2314.70500254983
2314.70500254983
2314.70500254983
2314.70500254983
2314.70500254983
2314.70500254983
2314.70500254983
2314.70500254983
2314.70500254983
2314.70500254983
2314.70500254983
2314.70500254983
2314.70500254983
2314.70500254983
2314.70500254983
2314.70500254983
2314.70500254983
2314.70500254983
2314.70500254983
2314.70500254983
2314.70500254983
2314.70500254983
2314.70500254983
2314.70500254983
2314.70500254983
2314.70500254983
2314.70500254983
2314.70500254983
2314.70500254983
2314.70500254983
2314.70500254983
2314.70500254983
2314.70500254983
2314.70500254983
2314.70500254983
2314.70500254983
2314.70500254983
2314.70500254983
2314.70500254983
2314.70500254983
2314.70500254983
2314.70500254983
2314.70500254983
2314.70500254983
2314.70500254983
2314.70500254983
2314.70500254983
2314.70500254983
2314.70500254983
2314.70500254983
2314.70500254983
2314.70500254983
2314.70500254983
2314.70500254983
2314.70500254983
2314.70500254983
2314.70500254983
2314.70500254983
2314.70500254983
2314.70500254983
2314.70500254983
2314.70500254983
2314.70500254983
2314.70500254983
2314.70500254983
2314.70500254983
2314.70500254983
2314.70500254983
2314.70500254983
2314.70500254983
2314.70500254983
2314.70500254983
2314.70500254983
2314.70500254983
2314.70500254983
2314.70500254983
2314.70500254983
2314.70500254983
2314.70500254983
2314.70500254983
2314.70500254983
2314.70500254983
2314.70500254983
2314.70500254983
2314.70500254983
2314.70500254983
2314.70500254983
2314.70500254983
2314.70500254983
2314.70500254983
2314.70500254983
2314.70500254983
2314.70500254983
2314.70500254983
2314.70500254983
2314.70500254983
2314.70500254983
2314.70500254983
2314.70500254983
2314.70500254983
2314.70500254983
2314.70500254983
2314.70500254983
2314.70500254983
2314.70500254983
2314.70500254983
2314.70500254983
2314.70500254983
2314.70500254983
2314.70500254983
2314.70500254983
2314.70500254983
2314.70500254983
2314.70500254983
2314.70500254983
2314.70500254983
2314.70500254983
2314.70500254983
2314.70500254983
2314.70500254983
2314.70500254983
2314.70500254983
2314.70500254983
2314.70500254983
2314.70500254983
2314.70500254983
2314.70500254983
2314.70500254983
2314.70500254983
2314.70500254983
2314.70500254983
2314.70500254983
2314.70500254983
2314.70500254983
2314.70500254983
2314.70500254983
2314.70500254983
2314.70500254983
2314.70500254983
2314.70500254983
2314.70500254983
2314.70500254983
2314.70500254983
2314.70500254983
2314.70500254983
2314.70500254983
2314.70500254983
2314.70500254983
2314.70500254983
2314.70500254983
2314.70500254983
2314.70500254983
2314.70500254983
2314.70500254983
2314.70500254983
2314.70500254983
2314.70500254983
2314.70500254983
2314.70500254983
2314.70500254983
2314.70500254983
2314.70500254983
2314.70500254983
2314.70500254983
2314.70500254983
2314.70500254983
2314.70500254983
2314.70500254983
2314.70500254983
2314.70500254983
2314.70500254983
2314.70500254983
2314.70500254983
2314.70500254983
2314.70500254983
2314.70500254983
2314.70500254983
2314.70500254983
2314.70500254983
2314.70500254983
2314.70500254983
2314.70500254983
2314.70500254983
2314.70500254983
2314.70500254983
2314.70500254983
2314.70500254983
2314.70500254983
2314.70500254983
2314.70500254983
2314.70500254983
2314.70500254983
2314.70500254983
2314.70500254983
2314.70500254983
2314.70500254983
2314.70500254983
2314.70500254983
2314.70500254983
2314.70500254983
2314.70500254983
2314.70500254983
2314.70500254983
2314.70500254983
2314.70500254983
2314.70500254983
2314.70500254983
2314.70500254983
2314.70500254983
2314.70500254983
2314.70500254983
2314.70500254983
2314.70500254983
2314.70500254983
2314.70500254983
2314.70500254983
2314.70500254983
2314.70500254983
2314.70500254983
2314.70500254983
2314.70500254983
2314.70500254983
2314.70500254983
2314.70500254983
2314.70500254983
2314.70500254983
2314.70500254983
2314.70500254983
2314.70500254983
2314.70500254983
2314.70500254983
2314.70500254983
2314.70500254983
2314.70500254983
2314.70500254983
2314.70500254983
2314.70500254983
2314.70500254983
2314.70500254983
2314.70500254983
2314.70500254983
2314.70500254983
2314.70500254983
2314.70500254983
2314.70500254983
2314.70500254983
2314.70500254983
2314.70500254983
2314.70500254983
2314.70500254983
2314.70500254983
2314.70500254983
2314.70500254983
2314.70500254983
2314.70500254983
2314.70500254983
2314.70500254983
2314.70500254983
2314.70500254983
2314.70500254983
2314.70500254983
2314.70500254983
2314.70500254983
2314.70500254983
2314.70500254983
2314.70500254983
2314.70500254983
2314.70500254983
2314.70500254983
2314.70500254983
2314.70500254983
2314.70500254983
2314.70500254983
2314.70500254983
2314.70500254983
2314.70500254983
2314.70500254983
2314.70500254983
2314.70500254983
2314.70500254983
2314.70500254983
2314.70500254983
2314.70500254983
2314.70500254983
2314.70500254983
2314.70500254983
2314.70500254983
2314.70500254983
2314.70500254983
2314.70500254983
2314.70500254983
2314.70500254983
2314.70500254983
2314.70500254983
2314.70500254983
2314.70500254983
2314.70500254983
2314.70500254983
2314.70500254983
2314.70500254983
2314.70500254983
2314.70500254983
2314.70500254983
2314.70500254983
2314.70500254983
2314.70500254983
2314.70500254983
2314.70500254983
2314.70500254983
2314.70500254983
2314.70500254983
2314.70500254983
2314.70500254983
2314.70500254983
2314.70500254983
2314.70500254983
2314.70500254983
2314.70500254983
2314.70500254983
2314.70500254983
2314.70500254983
2314.70500254983
2314.70500254983
2314.70500254983
2314.70500254983
2314.70500254983
2314.70500254983
2314.70500254983
2314.70500254983
2314.70500254983
2314.70500254983
2314.70500254983
2314.70500254983
2314.70500254983
2314.70500254983
2314.70500254983
2314.70500254983
2314.70500254983
2314.70500254983
2314.70500254983
2314.70500254983
2314.70500254983
2314.70500254983
2314.70500254983
2314.70500254983
2314.70500254983
2314.70500254983
2314.70500254983
2314.70500254983
2314.70500254983
2314.70500254983
2314.70500254983
2314.70500254983
2314.70500254983
2314.70500254983
2314.70500254983
2314.70500254983
2314.70500254983
2314.70500254983
2314.70500254983
2314.70500254983
2314.70500254983
2314.70500254983
2314.70500254983
2314.70500254983
2314.70500254983
2314.70500254983
2314.70500254983
2314.70500254983
2314.70500254983
2314.70500254983
2314.70500254983
2314.70500254983
2314.70500254983
2314.70500254983
2314.70500254983
2314.70500254983
2314.70500254983
2314.70500254983
2314.70500254983
2314.70500254983
2314.70500254983
2314.70500254983
2314.70500254983
2314.70500254983
2314.70500254983
2314.70500254983
2314.70500254983
2314.70500254983
2314.70500254983
2314.70500254983
2314.70500254983
2314.70500254983
2314.70500254983
2314.70500254983
2314.70500254983
2314.70500254983
2314.70500254983
2314.70500254983
2314.70500254983
2314.70500254983
2314.70500254983
2314.70500254983
2314.70500254983
2314.70500254983
2314.70500254983
2314.70500254983
2314.70500254983
2314.70500254983
2314.70500254983
2314.70500254983
2314.70500254983
2314.70500254983
2314.70500254983
2314.70500254983
2314.70500254983
2314.70500254983
2314.70500254983
2314.70500254983
2314.70500254983
2314.70500254983
2314.70500254983
2314.70500254983
2314.70500254983
2314.70500254983
2314.70500254983
2314.70500254983
2314.70500254983
2314.70500254983
2314.70500254983
2314.70500254983
2314.70500254983
2314.70500254983
2314.70500254983
2314.70500254983
2314.70500254983
2314.70500254983
2314.70500254983
2314.70500254983
2314.70500254983
2314.70500254983
2314.70500254983
2314.70500254983
2314.70500254983
2314.70500254983
2314.70500254983
2314.70500254983
2314.70500254983
2314.70500254983
2314.70500254983
2314.70500254983
2314.70500254983
2314.70500254983
2314.70500254983
2314.70500254983
2314.70500254983
2314.70500254983
2314.70500254983
2314.70500254983
2314.70500254983
2314.70500254983
2314.70500254983
2314.70500254983
2314.70500254983
2314.70500254983
2314.70500254983
2314.70500254983
2314.70500254983
2314.70500254983
2314.70500254983
2314.70500254983
2314.70500254983
2314.70500254983
2314.70500254983
2314.70500254983
2314.70500254983
2314.70500254983
2314.70500254983
2314.70500254983
2314.70500254983
2314.70500254983
2314.70500254983
2314.70500254983
2314.70500254983
2314.70500254983
2314.70500254983
2314.70500254983
2314.70500254983
2314.70500254983
2314.70500254983
2314.70500254983
2314.70500254983
2314.70500254983
2314.70500254983
2314.70500254983
2314.70500254983
2314.70500254983
2314.70500254983
2314.70500254983
2314.70500254983
2314.70500254983
2314.70500254983
2314.70500254983
2314.70500254983
2314.70500254983
2314.70500254983
2314.70500254983
2314.70500254983
2314.70500254983
2314.70500254983
2314.70500254983
2314.70500254983
2314.70500254983
2314.70500254983
2314.70500254983
2314.70500254983
2314.70500254983
2314.70500254983
2314.70500254983
2314.70500254983
2314.70500254983
2314.70500254983
2314.70500254983
2314.70500254983
2314.70500254983
2314.70500254983
2314.70500254983
2314.70500254983
2314.70500254983
2314.70500254983
2314.70500254983
2314.70500254983
2314.70500254983
2314.70500254983
2314.70500254983
2314.70500254983
2314.70500254983
2314.70500254983
2314.70500254983
2314.70500254983
2314.70500254983
2314.70500254983
2314.70500254983
2314.70500254983
2314.70500254983
2314.70500254983
2314.70500254983
2314.70500254983
2314.70500254983
2314.70500254983
2314.70500254983
2314.70500254983
2314.70500254983
2314.70500254983
2314.70500254983
2314.70500254983
2314.70500254983
2314.70500254983
2314.70500254983
2314.70500254983
2314.70500254983
2314.70500254983
2314.70500254983
2314.70500254983
2314.70500254983
2314.70500254983
2314.70500254983
2314.70500254983
2314.70500254983
2314.70500254983
2314.70500254983
2314.70500254983
2314.70500254983
2314.70500254983
2314.70500254983
2314.70500254983
2314.70500254983
2314.70500254983
2314.70500254983
2314.70500254983
2314.70500254983
2314.70500254983
2314.70500254983
2314.70500254983
2314.70500254983
2314.70500254983
2314.70500254983
2314.70500254983
2314.70500254983
2314.70500254983
2314.70500254983
2314.70500254983
2314.70500254983
2314.70500254983
2314.70500254983
2314.70500254983
2314.70500254983
2314.70500254983
2314.70500254983
2314.70500254983
2314.70500254983
2314.70500254983
2314.70500254983
2314.70500254983
2314.70500254983
2314.70500254983
2314.70500254983
2314.70500254983
2314.70500254983
2314.70500254983
2314.70500254983
2314.70500254983
2314.70500254983
2314.70500254983
2314.70500254983
2314.70500254983
2314.70500254983
2314.70500254983
2314.70500254983
2314.70500254983
2314.70500254983
2314.70500254983
2314.70500254983
2314.70500254983
2314.70500254983
2314.70500254983
2314.70500254983
2314.70500254983
2314.70500254983
2314.70500254983
2314.70500254983
2314.70500254983
2314.70500254983
2314.70500254983
2314.70500254983
2314.70500254983
2314.70500254983
2314.70500254983
2314.70500254983
2314.70500254983
2314.70500254983
2314.70500254983
2314.70500254983
2314.70500254983
2314.70500254983
2314.70500254983
2314.70500254983
2314.70500254983
2314.70500254983
2314.70500254983
2314.70500254983
2314.70500254983
2314.70500254983
2314.70500254983
2314.70500254983
2314.70500254983
2314.70500254983
2314.70500254983
2314.70500254983
2314.70500254983
2314.70500254983
2314.70500254983
2314.70500254983
2314.70500254983
2314.70500254983
2314.70500254983
2314.70500254983
2314.70500254983
2314.70500254983
2314.70500254983
2314.70500254983
2314.70500254983
2314.70500254983
2314.70500254983
2314.70500254983
2314.70500254983
2314.70500254983
2314.70500254983
2314.70500254983
2314.70500254983
2314.70500254983
2314.70500254983
2314.70500254983
2314.70500254983
2314.70500254983
2314.70500254983
2314.70500254983
2314.70500254983
2314.70500254983
2314.70500254983
2314.70500254983
2314.70500254983
2314.70500254983
2314.70500254983
2314.70500254983
2314.70500254983
2314.70500254983
2314.70500254983
2314.70500254983
2314.70500254983
2314.70500254983
2314.70500254983
2314.70500254983
2314.70500254983
2314.70500254983
2314.70500254983
2314.70500254983
2314.70500254983
2314.70500254983
2314.70500254983
2314.70500254983
2314.70500254983
2314.70500254983
2314.70500254983
2314.70500254983
2314.70500254983
2314.70500254983
2314.70500254983
2314.70500254983
2314.70500254983
2314.70500254983
2314.70500254983
2314.70500254983
2314.70500254983
2314.70500254983
2314.70500254983
2314.70500254983
2314.70500254983
2314.70500254983
2314.70500254983
2314.70500254983
2314.70500254983
2314.70500254983
2314.70500254983
2314.70500254983
2314.70500254983
2314.70500254983
2314.70500254983
2314.70500254983
2314.70500254983
2314.70500254983
2314.70500254983
2314.70500254983
2314.70500254983
2314.70500254983
2314.70500254983
2314.70500254983
2314.70500254983
2314.70500254983
2314.70500254983
2314.70500254983
2314.70500254983
2314.70500254983
2314.70500254983
2314.70500254983
2314.70500254983
2314.70500254983
2314.70500254983
2314.70500254983
2314.70500254983
2314.70500254983
2314.70500254983
2314.70500254983
2314.70500254983
2314.70500254983
2314.70500254983
2314.70500254983
2314.70500254983
2314.70500254983
2314.70500254983
2314.70500254983
2314.70500254983
2314.70500254983
2314.70500254983
2314.70500254983
2314.70500254983
2314.70500254983
2314.70500254983
2314.70500254983
2314.70500254983
2314.70500254983
2314.70500254983
2314.70500254983
2314.70500254983
2314.70500254983
2314.70500254983
2314.70500254983
2314.70500254983
2314.70500254983
2314.70500254983
2314.70500254983
2314.70500254983
2314.70500254983
2314.70500254983
2314.70500254983
2314.70500254983
2314.70500254983
2314.70500254983
2314.70500254983
2314.70500254983
2314.70500254983
2314.70500254983
2314.70500254983
2314.70500254983
2314.70500254983
2314.70500254983
2314.70500254983
2314.70500254983
2314.70500254983
2314.70500254983
2314.70500254983
2314.70500254983
2314.70500254983
2314.70500254983
2314.70500254983
2314.70500254983
2314.70500254983
2314.70500254983
2314.70500254983
2314.70500254983
2314.70500254983
2314.70500254983
2314.70500254983
2314.70500254983
2314.70500254983
2314.70500254983
2314.70500254983
2314.70500254983
2314.70500254983
2314.70500254983
2314.70500254983
2314.70500254983
2314.70500254983
2314.70500254983
2314.70500254983
2314.70500254983
2314.70500254983
2314.70500254983
2314.70500254983
2314.70500254983
2314.70500254983
2314.70500254983
2314.70500254983
2314.70500254983
2314.70500254983
2314.70500254983
2314.70500254983
2314.70500254983
2314.70500254983
2314.70500254983
2314.70500254983
2314.70500254983
2314.70500254983
2314.70500254983
2314.70500254983
2314.70500254983
2314.70500254983
2314.70500254983
2314.70500254983
2314.70500254983
2314.70500254983
2314.70500254983
2314.70500254983
2314.70500254983
2314.70500254983
2314.70500254983
2314.70500254983
2314.70500254983
2314.70500254983
2314.70500254983
2314.70500254983
2314.70500254983
2314.70500254983
2314.70500254983
2314.70500254983
2314.70500254983
2314.70500254983
2314.70500254983
2314.70500254983
2314.70500254983
2314.70500254983
2314.70500254983
2314.70500254983
2314.70500254983
2314.70500254983
2314.70500254983
2314.70500254983
2314.70500254983
2314.70500254983
2314.70500254983
2314.70500254983
2314.70500254983
2314.70500254983
2314.70500254983
2314.70500254983
2314.70500254983
2314.70500254983
2314.70500254983
2314.70500254983
2314.70500254983
2314.70500254983
2314.70500254983
2314.70500254983
2314.70500254983
2314.70500254983
2314.70500254983
2314.70500254983
2314.70500254983
2314.70500254983
2314.70500254983
2314.70500254983
2314.70500254983
2314.70500254983
2314.70500254983
2314.70500254983
2314.70500254983
2314.70500254983
2314.70500254983
2314.70500254983
2314.70500254983
2314.70500254983
2314.70500254983
2314.70500254983
2314.70500254983
2314.70500254983
2314.70500254983
2314.70500254983
2314.70500254983
2314.70500254983
2314.70500254983
2314.70500254983
2314.70500254983
2314.70500254983
2314.70500254983
2314.70500254983
2314.70500254983
2314.70500254983
2314.70500254983
2314.70500254983
2314.70500254983
2314.70500254983
2314.70500254983
2314.70500254983
2314.70500254983
2314.70500254983
2314.70500254983
2314.70500254983
2314.70500254983
2314.70500254983
2314.70500254983
2314.70500254983
2314.70500254983
2314.70500254983
2314.70500254983
2314.70500254983
2314.70500254983
2314.70500254983
2314.70500254983
2314.70500254983
2314.70500254983
2314.70500254983
2314.70500254983
2314.70500254983
2314.70500254983
2314.70500254983
2314.70500254983
2314.70500254983
2314.70500254983
2314.70500254983
2314.70500254983
2314.70500254983
2314.70500254983
2314.70500254983
2314.70500254983
2314.70500254983
2314.70500254983
2314.70500254983
2314.70500254983
2314.70500254983
2314.70500254983
2314.70500254983
2314.70500254983
2314.70500254983
2314.70500254983
2314.70500254983
2314.70500254983
2314.70500254983
2314.70500254983
2314.70500254983
2314.70500254983
2314.70500254983
2314.70500254983
2314.70500254983
2314.70500254983
2314.70500254983
2314.70500254983
2314.70500254983
2314.70500254983
2314.70500254983
2314.70500254983
2314.70500254983
2314.70500254983
2314.70500254983
2314.70500254983
2314.70500254983
2314.70500254983
2314.70500254983
2314.70500254983
2314.70500254983
2314.70500254983
2314.70500254983
2314.70500254983
2314.70500254983
2314.70500254983
2314.70500254983
2314.70500254983
2314.70500254983
2314.70500254983
2314.70500254983
2314.70500254983
2314.70500254983
2314.70500254983
2314.70500254983
2314.70500254983
2314.70500254983
2314.70500254983
2314.70500254983
2314.70500254983
2314.70500254983
2314.70500254983
2314.70500254983
2314.70500254983
2314.70500254983
2314.70500254983
2314.70500254983
2314.70500254983
2314.70500254983
2314.70500254983
2314.70500254983
2314.70500254983
2314.70500254983
2314.70500254983
2314.70500254983
2314.70500254983
2314.70500254983
2314.70500254983
2314.70500254983
2314.70500254983
2314.70500254983
2314.70500254983
2314.70500254983
2314.70500254983
2314.70500254983
2314.70500254983
2314.70500254983
2314.70500254983
2314.70500254983
2314.70500254983
2314.70500254983
2314.70500254983
2314.70500254983
2314.70500254983
2314.70500254983
2314.70500254983
2314.70500254983
2314.70500254983
2314.70500254983
2314.70500254983
2314.70500254983
2314.70500254983
2314.70500254983
2314.70500254983
2314.70500254983
2314.70500254983
2314.70500254983
2314.70500254983
2314.70500254983
2314.70500254983
2314.70500254983
2314.70500254983
2314.70500254983
2314.70500254983
2314.70500254983
2314.70500254983
2314.70500254983
2314.70500254983
2314.70500254983
2314.70500254983
2314.70500254983
2314.70500254983
2314.70500254983
2314.70500254983
2314.70500254983
2314.70500254983
2314.70500254983
2314.70500254983
2314.70500254983
2314.70500254983
2314.70500254983
2314.70500254983
2314.70500254983
2314.70500254983
2314.70500254983
2314.70500254983
2314.70500254983
2314.70500254983
2314.70500254983
2314.70500254983
2314.70500254983
2314.70500254983
2314.70500254983
2314.70500254983
2314.70500254983
2314.70500254983
2314.70500254983
2314.70500254983
2314.70500254983
2314.70500254983
2314.70500254983
2314.70500254983
2314.70500254983
2314.70500254983
2314.70500254983
2314.70500254983
2314.70500254983
2314.70500254983
2314.70500254983
2314.70500254983
2314.70500254983
2314.70500254983
2314.70500254983
2314.70500254983
2314.70500254983
2314.70500254983
2314.70500254983
2314.70500254983
2314.70500254983
2314.70500254983
2314.70500254983
2314.70500254983
2314.70500254983
2314.70500254983
2314.70500254983
2314.70500254983
2314.70500254983
2314.70500254983
2314.70500254983
2314.70500254983
2314.70500254983
2314.70500254983
2314.70500254983
2314.70500254983
2314.70500254983
2314.70500254983
2314.70500254983
2314.70500254983
2314.70500254983
2314.70500254983
2314.70500254983
2314.70500254983
2314.70500254983
2314.70500254983
2314.70500254983
2314.70500254983
2314.70500254983
2314.70500254983
2314.70500254983
2314.70500254983
2314.70500254983
2314.70500254983
2314.70500254983
2314.70500254983
2314.70500254983
2314.70500254983
2314.70500254983
2314.70500254983
2314.70500254983
2314.70500254983
2314.70500254983
2314.70500254983
2314.70500254983
2314.70500254983
2314.70500254983
2314.70500254983
2314.70500254983
2314.70500254983
2314.70500254983
2314.70500254983
2314.70500254983
2314.70500254983
2314.70500254983
2314.70500254983
2314.70500254983
2314.70500254983
2314.70500254983
2314.70500254983
2314.70500254983
2314.70500254983
2314.70500254983
2314.70500254983
2314.70500254983
2314.70500254983
2314.70500254983
2314.70500254983
2314.70500254983
2314.70500254983
2314.70500254983
2314.70500254983
2314.70500254983
2314.70500254983
2314.70500254983
2314.70500254983
2314.70500254983
2314.70500254983
2314.70500254983
2314.70500254983
2314.70500254983
2314.70500254983
2314.70500254983
2314.70500254983
2314.70500254983
2314.70500254983
2314.70500254983
2314.70500254983
2314.70500254983
2314.70500254983
2314.70500254983
2314.70500254983
2314.70500254983
2314.70500254983
2314.70500254983
2314.70500254983
2314.70500254983
2314.70500254983
2314.70500254983
2314.70500254983
2314.70500254983
2314.70500254983
2314.70500254983
2314.70500254983
2314.70500254983
2314.70500254983
2314.70500254983
2314.70500254983
2314.70500254983
2314.70500254983
2314.70500254983
2314.70500254983
2314.70500254983
2314.70500254983
2314.70500254983
2314.70500254983
2314.70500254983
2314.70500254983
2314.70500254983
2314.70500254983
2314.70500254983
2314.70500254983
2314.70500254983
2314.70500254983
2314.70500254983
2314.70500254983
2314.70500254983
2314.70500254983
2314.70500254983
2314.70500254983
2314.70500254983
2314.70500254983
2314.70500254983
2314.70500254983
2314.70500254983
2314.70500254983
2314.70500254983
2314.70500254983
2314.70500254983
2314.70500254983
2314.70500254983
2314.70500254983
2314.70500254983
2314.70500254983
2314.70500254983
2314.70500254983
2314.70500254983
2314.70500254983
2314.70500254983
2314.70500254983
2314.70500254983
2314.70500254983
2314.70500254983
2314.70500254983
2314.70500254983
2314.70500254983
2314.70500254983
2314.70500254983
2314.70500254983
2314.70500254983
2314.70500254983
2314.70500254983
2314.70500254983
2314.70500254983
2314.70500254983
2314.70500254983
2314.70500254983
2314.70500254983
2314.70500254983
2314.70500254983
2314.70500254983
2314.70500254983
2314.70500254983
2314.70500254983
2314.70500254983
2314.70500254983
2314.70500254983
2314.70500254983
2314.70500254983
2314.70500254983
2314.70500254983
2314.70500254983
2314.70500254983
2314.70500254983
2314.70500254983
2314.70500254983
2314.70500254983
2314.70500254983
2314.70500254983
2314.70500254983
2314.70500254983
2314.70500254983
2314.70500254983
2314.70500254983
2314.70500254983
2314.70500254983
2314.70500254983
2314.70500254983
2314.70500254983
2314.70500254983
2314.70500254983
2314.70500254983
2314.70500254983
2314.70500254983
2314.70500254983
2314.70500254983
2314.70500254983
2314.70500254983
2314.70500254983
2314.70500254983
2314.70500254983
2314.70500254983
2314.70500254983
2314.70500254983
2314.70500254983
2314.70500254983
2314.70500254983
2314.70500254983
2314.70500254983
2314.70500254983
2314.70500254983
2314.70500254983
2314.70500254983
2314.70500254983
2314.70500254983
2314.70500254983
2314.70500254983
2314.70500254983
2314.70500254983
2314.70500254983
2314.70500254983
2314.70500254983
2314.70500254983
2314.70500254983
2314.70500254983
2314.70500254983
2314.70500254983
2314.70500254983
2314.70500254983
2314.70500254983
2314.70500254983
2314.70500254983
2314.70500254983
2314.70500254983
2314.70500254983
2314.70500254983
2314.70500254983
2314.70500254983
2314.70500254983
2314.70500254983
2314.70500254983
2314.70500254983
2314.70500254983
2314.70500254983
2314.70500254983
2314.70500254983
2314.70500254983
2314.70500254983
2314.70500254983
2314.70500254983
2314.70500254983
2314.70500254983
2314.70500254983
2314.70500254983
2314.70500254983
2314.70500254983
2314.70500254983
2314.70500254983
2314.70500254983
2314.70500254983
2314.70500254983
2314.70500254983
2314.70500254983
2314.70500254983
2314.70500254983
2314.70500254983
2314.70500254983
2314.70500254983
2314.70500254983
2314.70500254983
2314.70500254983
2314.70500254983
2314.70500254983
2314.70500254983
2314.70500254983
2314.70500254983
2314.70500254983
2314.70500254983
2314.70500254983
2314.70500254983
2314.70500254983
2314.70500254983
2314.70500254983
2314.70500254983
2314.70500254983
2314.70500254983
2314.70500254983
2314.70500254983
2314.70500254983
2314.70500254983
2314.70500254983
2314.70500254983
2314.70500254983
2314.70500254983
2314.70500254983
2314.70500254983
2314.70500254983
2314.70500254983
2314.70500254983
2314.70500254983
2314.70500254983
2314.70500254983
2314.70500254983
2314.70500254983
2314.70500254983
2314.70500254983
2314.70500254983
2314.70500254983
2314.70500254983
2314.70500254983
2314.70500254983
2314.70500254983
2314.70500254983
2314.70500254983
2314.70500254983
2314.70500254983
2314.70500254983
2314.70500254983
2314.70500254983
2314.70500254983
2314.70500254983
2314.70500254983
2314.70500254983
2314.70500254983
2314.70500254983
2314.70500254983
2314.70500254983
2314.70500254983
2314.70500254983
2314.70500254983
2314.70500254983
2314.70500254983
2314.70500254983
2314.70500254983
2314.70500254983
2314.70500254983
2314.70500254983
2314.70500254983
2314.70500254983
2314.70500254983
2314.70500254983
2314.70500254983
2314.70500254983
2314.70500254983
2314.70500254983
2314.70500254983
2314.70500254983
2314.70500254983
2314.70500254983
2314.70500254983
2314.70500254983
2314.70500254983
2314.70500254983
2314.70500254983
2314.70500254983
2314.70500254983
2314.70500254983
2314.70500254983
2314.70500254983
2314.70500254983
2314.70500254983
2314.70500254983
2314.70500254983
2314.70500254983
2314.70500254983
2314.70500254983
2314.70500254983
2314.70500254983
2314.70500254983
2314.70500254983
2314.70500254983
2314.70500254983
2314.70500254983
2314.70500254983
2314.70500254983
2314.70500254983
2314.70500254983
2314.70500254983
2314.70500254983
2314.70500254983
2314.70500254983
2314.70500254983
2314.70500254983
2314.70500254983
2314.70500254983
2314.70500254983
2314.70500254983
2314.70500254983
2314.70500254983
2314.70500254983
2314.70500254983
2314.70500254983
2314.70500254983
2314.70500254983
2314.70500254983
2314.70500254983
2314.70500254983
2314.70500254983
2314.70500254983
2314.70500254983
2314.70500254983
2314.70500254983
2314.70500254983
2314.70500254983
2314.70500254983
2314.70500254983
2314.70500254983
2314.70500254983
2314.70500254983
2314.70500254983
2314.70500254983
2314.70500254983
2314.70500254983
2314.70500254983
2314.70500254983
2314.70500254983
2314.70500254983
2314.70500254983
2314.70500254983
2314.70500254983
2314.70500254983
2314.70500254983
2314.70500254983
2314.70500254983
2314.70500254983
2314.70500254983
2314.70500254983
2314.70500254983
2314.70500254983
2314.70500254983
2314.70500254983
2314.70500254983
2314.70500254983
2314.70500254983
2314.70500254983
2314.70500254983
2314.70500254983
2314.70500254983
2314.70500254983
2314.70500254983
2314.70500254983
2314.70500254983
2314.70500254983
2314.70500254983
2314.70500254983
2314.70500254983
2314.70500254983
2314.70500254983
2314.70500254983
2314.70500254983
2314.70500254983
2314.70500254983
2314.70500254983
2314.70500254983
2314.70500254983
2314.70500254983
2314.70500254983
2314.70500254983
2314.70500254983
2314.70500254983
2314.70500254983
2314.70500254983
2314.70500254983
2314.70500254983
2314.70500254983
2314.70500254983
2314.70500254983
2314.70500254983
2314.70500254983
2314.70500254983
2314.70500254983
2314.70500254983
2314.70500254983
2314.70500254983
2314.70500254983
2314.70500254983
2314.70500254983
2314.70500254983
2314.70500254983
2314.70500254983
2314.70500254983
2314.70500254983
2314.70500254983
2314.70500254983
2314.70500254983
2314.70500254983
2314.70500254983
2314.70500254983
2314.70500254983
2314.70500254983
2314.70500254983
2314.70500254983
2314.70500254983
2314.70500254983
2314.70500254983
2314.70500254983
2314.70500254983
2314.70500254983
2314.70500254983
2314.70500254983
2314.70500254983
2314.70500254983
2314.70500254983
2314.70500254983
2314.70500254983
2314.70500254983
2314.70500254983
2314.70500254983
2314.70500254983
2314.70500254983
2314.70500254983
2314.70500254983
2314.70500254983
2314.70500254983
2314.70500254983
2314.70500254983
2314.70500254983
2314.70500254983
2314.70500254983
2314.70500254983
2314.70500254983
2314.70500254983
2314.70500254983
2314.70500254983
2314.70500254983
2314.70500254983
2314.70500254983
2314.70500254983
2314.70500254983
2314.70500254983
2314.70500254983
2314.70500254983
2314.70500254983
2314.70500254983
2314.70500254983
2314.70500254983
2314.70500254983
2314.70500254983
2314.70500254983
2314.70500254983
2314.70500254983
2314.70500254983
2314.70500254983
2314.70500254983
2314.70500254983
2314.70500254983
2314.70500254983
2314.70500254983
2314.70500254983
2314.70500254983
2314.70500254983
2314.70500254983
2314.70500254983
2314.70500254983
2314.70500254983
2314.70500254983
2314.70500254983
2314.70500254983
2314.70500254983
2314.70500254983
2314.70500254983
2314.70500254983
2314.70500254983
2314.70500254983
2314.70500254983
2314.70500254983
2314.70500254983
2314.70500254983
2314.70500254983
2314.70500254983
2314.70500254983
2314.70500254983
2314.70500254983
2314.70500254983
2314.70500254983
2314.70500254983
2314.70500254983
2314.70500254983
2314.70500254983
2314.70500254983
2314.70500254983
2314.70500254983
2314.70500254983
2314.70500254983
2314.70500254983
2314.70500254983
2314.70500254983
2314.70500254983
2314.70500254983
2314.70500254983
2314.70500254983
2314.70500254983
2314.70500254983
2314.70500254983
2314.70500254983
2314.70500254983
2314.70500254983
2314.70500254983
2314.70500254983
2314.70500254983
2314.70500254983
2314.70500254983
2314.70500254983
2314.70500254983
2314.70500254983
2314.70500254983
2314.70500254983
2314.70500254983
2314.70500254983
2314.70500254983
2314.70500254983
2314.70500254983
2314.70500254983
2314.70500254983
2314.70500254983
2314.70500254983
2314.70500254983
2314.70500254983
2314.70500254983
2314.70500254983
2314.70500254983
2314.70500254983
2314.70500254983
2314.70500254983
2314.70500254983
2314.70500254983
2314.70500254983
2314.70500254983
2314.70500254983
2314.70500254983
2314.70500254983
2314.70500254983
2314.70500254983
2314.70500254983
2314.70500254983
2314.70500254983
2314.70500254983
2314.70500254983
2314.70500254983
2314.70500254983
2314.70500254983
2314.70500254983
2314.70500254983
2314.70500254983
2314.70500254983
2314.70500254983
2314.70500254983
2314.70500254983
2314.70500254983
2314.70500254983
2314.70500254983
2314.70500254983
2314.70500254983
2314.70500254983
2314.70500254983
2314.70500254983
2314.70500254983
2314.70500254983
2314.70500254983
2314.70500254983
2314.70500254983
2314.70500254983
2314.70500254983
2314.70500254983
2314.70500254983
2314.70500254983
2314.70500254983
2314.70500254983
2314.70500254983
2314.70500254983
2314.70500254983
2314.70500254983
2314.70500254983
2314.70500254983
2314.70500254983
2314.70500254983
2314.70500254983
2314.70500254983
2314.70500254983
2314.70500254983
2314.70500254983
2314.70500254983
2314.70500254983
2314.70500254983
2314.70500254983
2314.70500254983
2314.70500254983
2314.70500254983
2314.70500254983
2314.70500254983
2314.70500254983
2314.70500254983
2314.70500254983
2314.70500254983
2314.70500254983
2314.70500254983
2314.70500254983
2314.70500254983
2314.70500254983
2314.70500254983
2314.70500254983
2314.70500254983
2314.70500254983
2314.70500254983
2314.70500254983
2314.70500254983
2314.70500254983
2314.70500254983
2314.70500254983
2314.70500254983
2314.70500254983
2314.70500254983
2314.70500254983
2314.70500254983
2314.70500254983
2314.70500254983
2314.70500254983
2314.70500254983
2314.70500254983
2314.70500254983
2314.70500254983
2314.70500254983
2314.70500254983
2314.70500254983
2314.70500254983
2314.70500254983
2314.70500254983
2314.70500254983
2314.70500254983
2314.70500254983
2314.70500254983
2314.70500254983
2314.70500254983
2314.70500254983
2314.70500254983
2314.70500254983
2314.70500254983
2314.70500254983
2314.70500254983
2314.70500254983
2314.70500254983
2314.70500254983
2314.70500254983
2314.70500254983
2314.70500254983
2314.70500254983
2314.70500254983
2314.70500254983
2314.70500254983
2314.70500254983
2314.70500254983
2314.70500254983
2314.70500254983
2314.70500254983
2314.70500254983
2314.70500254983
2314.70500254983
2314.70500254983
2314.70500254983
2314.70500254983
2314.70500254983
2314.70500254983
2314.70500254983
2314.70500254983
2314.70500254983
2314.70500254983
2314.70500254983
2314.70500254983
2314.70500254983
2314.70500254983
2314.70500254983
2314.70500254983
2314.70500254983
2314.70500254983
2314.70500254983
2314.70500254983
2314.70500254983
2314.70500254983
2314.70500254983
2314.70500254983
2314.70500254983
2314.70500254983
2314.70500254983
2314.70500254983
2314.70500254983
2314.70500254983
2314.70500254983
2314.70500254983
2314.70500254983
2314.70500254983
2314.70500254983
2314.70500254983
2314.70500254983
2314.70500254983
2314.70500254983
2314.70500254983
2314.70500254983
2314.70500254983
2314.70500254983
2314.70500254983
2314.70500254983
2314.70500254983
2314.70500254983
2314.70500254983
2314.70500254983
2314.70500254983
2314.70500254983
2314.70500254983
2314.70500254983
2314.70500254983
2314.70500254983
2314.70500254983
2314.70500254983
2314.70500254983
2314.70500254983
2314.70500254983
2314.70500254983
2314.70500254983
2314.70500254983
2314.70500254983
2314.70500254983
2314.70500254983
2314.70500254983
2314.70500254983
2314.70500254983
2314.70500254983
2314.70500254983
2314.70500254983
2314.70500254983
2314.70500254983
2314.70500254983
2314.70500254983
2314.70500254983
2314.70500254983
2314.70500254983
2314.70500254983
2314.70500254983
2314.70500254983
2314.70500254983
2314.70500254983
2314.70500254983
2314.70500254983
2314.70500254983
2314.70500254983
2314.70500254983
2314.70500254983
2314.70500254983
2314.70500254983
2314.70500254983
2314.70500254983
2314.70500254983
2314.70500254983
2314.70500254983
2314.70500254983
2314.70500254983
2314.70500254983
2314.70500254983
2314.70500254983
2314.70500254983
2314.70500254983
2314.70500254983
2314.70500254983
2314.70500254983
2314.70500254983
2314.70500254983
2314.70500254983
2314.70500254983
2314.70500254983
2314.70500254983
2314.70500254983
2314.70500254983
2314.70500254983
2314.70500254983
2314.70500254983
2314.70500254983
2314.70500254983
2314.70500254983
2314.70500254983
2314.70500254983
2314.70500254983
2314.70500254983
2314.70500254983
2314.70500254983
2314.70500254983
2314.70500254983
2314.70500254983
2314.70500254983
2314.70500254983
2314.70500254983
2314.70500254983
2314.70500254983
2314.70500254983
2314.70500254983
2314.70500254983
2314.70500254983
2314.70500254983
2314.70500254983
2314.70500254983
2314.70500254983
2314.70500254983
2314.70500254983
2314.70500254983
2314.70500254983
2314.70500254983
2314.70500254983
2314.70500254983
2314.70500254983
2314.70500254983
2314.70500254983
2314.70500254983
2314.70500254983
2314.70500254983
2314.70500254983
2314.70500254983
2314.70500254983
2314.70500254983
2314.70500254983
2314.70500254983
2314.70500254983
2314.70500254983
2314.70500254983
2314.70500254983
2314.70500254983
2314.70500254983
2314.70500254983
2314.70500254983
2314.70500254983
2314.70500254983
2314.70500254983
2314.70500254983
2314.70500254983
2314.70500254983
2314.70500254983
2314.70500254983
2314.70500254983
2314.70500254983
2314.70500254983
2314.70500254983
2314.70500254983
2314.70500254983
2314.70500254983
2314.70500254983
2314.70500254983
2314.70500254983
2314.70500254983
2314.70500254983
2314.70500254983
2314.70500254983
2314.70500254983
2314.70500254983
2314.70500254983
2314.70500254983
2314.70500254983
2314.70500254983
2314.70500254983
2314.70500254983
2314.70500254983
2314.70500254983
2314.70500254983
2314.70500254983
2314.70500254983
2314.70500254983
2314.70500254983
2314.70500254983
2314.70500254983
2314.70500254983
2314.70500254983
2314.70500254983
2314.70500254983
2314.70500254983
2314.70500254983
2314.70500254983
2314.70500254983
2314.70500254983
2314.70500254983
2314.70500254983
2314.70500254983
2314.70500254983
2314.70500254983
2314.70500254983
2314.70500254983
2314.70500254983
2314.70500254983
2314.70500254983
2314.70500254983
2314.70500254983
2314.70500254983
2314.70500254983
2314.70500254983
2314.70500254983
2314.70500254983
2314.70500254983
2314.70500254983
2314.70500254983
2314.70500254983
2314.70500254983
2314.70500254983
2314.70500254983
2314.70500254983
2314.70500254983
2314.70500254983
2314.70500254983
2314.70500254983
2314.70500254983
2314.70500254983
2314.70500254983
2314.70500254983
2314.70500254983
2314.70500254983
2314.70500254983
2314.70500254983
2314.70500254983
2314.70500254983
2314.70500254983
2314.70500254983
2314.70500254983
2314.70500254983
2314.70500254983
2314.70500254983
2314.70500254983
2314.70500254983
2314.70500254983
2314.70500254983
2314.70500254983
2314.70500254983
2314.70500254983
2314.70500254983
2314.70500254983
2314.70500254983
2314.70500254983
2314.70500254983
2314.70500254983
2314.70500254983
2314.70500254983
2314.70500254983
2314.70500254983
2314.70500254983
2314.70500254983
2314.70500254983
2314.70500254983
2314.70500254983
2314.70500254983
2314.70500254983
2314.70500254983
2314.70500254983
2314.70500254983
2314.70500254983
2314.70500254983
2314.70500254983
2314.70500254983
2314.70500254983
2314.70500254983
2314.70500254983
2314.70500254983
2314.70500254983
2314.70500254983
2314.70500254983
2314.70500254983
2314.70500254983
2314.70500254983
2314.70500254983
2314.70500254983
2314.70500254983
2314.70500254983
2314.70500254983
2314.70500254983
2314.70500254983
2314.70500254983
2314.70500254983
2314.70500254983
2314.70500254983
2314.70500254983
2314.70500254983
2314.70500254983
2314.70500254983
2314.70500254983
2314.70500254983
2314.70500254983
2314.70500254983
2314.70500254983
2314.70500254983
2314.70500254983
2314.70500254983
2314.70500254983
2314.70500254983
2314.70500254983
2314.70500254983
2314.70500254983
2314.70500254983
2314.70500254983
2314.70500254983
2314.70500254983
2314.70500254983
2314.70500254983
2314.70500254983
2314.70500254983
2314.70500254983
2314.70500254983
2314.70500254983
2314.70500254983
2314.70500254983
2314.70500254983
2314.70500254983
2314.70500254983
2314.70500254983
2314.70500254983
2314.70500254983
2314.70500254983
2314.70500254983
2314.70500254983
2314.70500254983
2314.70500254983
2314.70500254983
2314.70500254983
2314.70500254983
2314.70500254983
2314.70500254983
2314.70500254983
2314.70500254983
2314.70500254983
2314.70500254983
2314.70500254983
2314.70500254983
2314.70500254983
2314.70500254983
2314.70500254983
2314.70500254983
2314.70500254983
2314.70500254983
2314.70500254983
2314.70500254983
2314.70500254983
2314.70500254983
2314.70500254983
2314.70500254983
2314.70500254983
2314.70500254983
2314.70500254983
2314.70500254983
2314.70500254983
2314.70500254983
2314.70500254983
2314.70500254983
2314.70500254983
2314.70500254983
2314.70500254983
2314.70500254983
2314.70500254983
2314.70500254983
2314.70500254983
2314.70500254983
2314.70500254983
2314.70500254983
2314.70500254983
2314.70500254983
2314.70500254983
2314.70500254983
2314.70500254983
2314.70500254983
2314.70500254983
2314.70500254983
2314.70500254983
2314.70500254983
2314.70500254983
2314.70500254983
2314.70500254983
2314.70500254983
2314.70500254983
2314.70500254983
2314.70500254983
2314.70500254983
2314.70500254983
2314.70500254983
2314.70500254983
2314.70500254983
2314.70500254983
2314.70500254983
2314.70500254983
2314.70500254983
2314.70500254983
2314.70500254983
2314.70500254983
2314.70500254983
2314.70500254983
2314.70500254983
2314.70500254983
2314.70500254983
2314.70500254983
2314.70500254983
2314.70500254983
2314.70500254983
2314.70500254983
2314.70500254983
2314.70500254983
2314.70500254983
2314.70500254983
2314.70500254983
2314.70500254983
2314.70500254983
2314.70500254983
2314.70500254983
2314.70500254983
2314.70500254983
2314.70500254983
2314.70500254983
2314.70500254983
2314.70500254983
2314.70500254983
2314.70500254983
2314.70500254983
2314.70500254983
2314.70500254983
2314.70500254983
2314.70500254983
2314.70500254983
2314.70500254983
2314.70500254983
2314.70500254983
2314.70500254983
2314.70500254983
2314.70500254983
2314.70500254983
2314.70500254983
2314.70500254983
2314.70500254983
2314.70500254983
2314.70500254983
2314.70500254983
2314.70500254983
2314.70500254983
2314.70500254983
2314.70500254983
2314.70500254983
2314.70500254983
2314.70500254983
2314.70500254983
2314.70500254983
2314.70500254983
2314.70500254983
2314.70500254983
2314.70500254983
2314.70500254983
2314.70500254983
2314.70500254983
2314.70500254983
2314.70500254983
2314.70500254983
2314.70500254983
2314.70500254983
2314.70500254983
2314.70500254983
2314.70500254983
2314.70500254983
2314.70500254983
2314.70500254983
2314.70500254983
2314.70500254983
2314.70500254983
2314.70500254983
2314.70500254983
2314.70500254983
2314.70500254983
2314.70500254983
2314.70500254983
2314.70500254983
2314.70500254983
2314.70500254983
2314.70500254983
2314.70500254983
2314.70500254983
2314.70500254983
2314.70500254983
2314.70500254983
2314.70500254983
2314.70500254983
2314.70500254983
2314.70500254983
2314.70500254983
2314.70500254983
2314.70500254983
2314.70500254983
2314.70500254983
2314.70500254983
2314.70500254983
2314.70500254983
2314.70500254983
2314.70500254983
2314.70500254983
2314.70500254983
2314.70500254983
2314.70500254983
2314.70500254983
2314.70500254983
2314.70500254983
2314.70500254983
2314.70500254983
2314.70500254983
2314.70500254983
2314.70500254983
2314.70500254983
2314.70500254983
2314.70500254983
2314.70500254983
2314.70500254983
2314.70500254983
2314.70500254983
2314.70500254983
2314.70500254983
2314.70500254983
2314.70500254983
2314.70500254983
2314.70500254983
2314.70500254983
2314.70500254983
2314.70500254983
2314.70500254983
2314.70500254983
2314.70500254983
2314.70500254983
2314.70500254983
2314.70500254983
2314.70500254983
2314.70500254983
2314.70500254983
2314.70500254983
2314.70500254983
2314.70500254983
2314.70500254983
2314.70500254983
2314.70500254983
2314.70500254983
2314.70500254983
2314.70500254983
2314.70500254983
2314.70500254983
2314.70500254983
2314.70500254983
2314.70500254983
2314.70500254983
2314.70500254983
2314.70500254983
2314.70500254983
2314.70500254983
2314.70500254983
2314.70500254983
2314.70500254983
2314.70500254983
2314.70500254983
2314.70500254983
2314.70500254983
2314.70500254983
2314.70500254983
2314.70500254983
2314.70500254983
2314.70500254983
2314.70500254983
2314.70500254983
2314.70500254983
2314.70500254983
2314.70500254983
2314.70500254983
2314.70500254983
2314.70500254983
2314.70500254983
2314.70500254983
2314.70500254983
2314.70500254983
2314.70500254983
2314.70500254983
2314.70500254983
2314.70500254983
2314.70500254983
2314.70500254983
2314.70500254983
2314.70500254983
2314.70500254983
2314.70500254983
2314.70500254983
2314.70500254983
2314.70500254983
2314.70500254983
2314.70500254983
2314.70500254983
2314.70500254983
2314.70500254983
2314.70500254983
2314.70500254983
2314.70500254983
2314.70500254983
2314.70500254983
2314.70500254983
2314.70500254983
2314.70500254983
2314.70500254983
2314.70500254983
2314.70500254983
2314.70500254983
2314.70500254983
2314.70500254983
2314.70500254983
2314.70500254983
2314.70500254983
2314.70500254983
2314.70500254983
2314.70500254983
2314.70500254983
2314.70500254983
2313.76079915323
2313.76079915323
2313.76079915323
2313.76079915323
2313.76079915323
2313.76079915323
2313.76079915323
2313.76079915323
2313.76079915323
2313.76079915323
2313.76079915323
2313.76079915323
2313.76079915323
2313.76079915323
2313.76079915323
2313.76079915323
2313.76079915323
2313.76079915323
2313.76079915323
2313.76079915323
2313.76079915323
2313.76079915323
2313.76079915323
2313.76079915323
2313.76079915323
2313.76079915323
2313.76079915323
2313.76079915323
2313.76079915323
2313.76079915323
2313.76079915323
2313.76079915323
2313.76079915323
2313.76079915323
2313.76079915323
2313.76079915323
2313.76079915323
2313.76079915323
2313.76079915323
2313.76079915323
2313.76079915323
2313.76079915323
2313.76079915323
2313.76079915323
2313.76079915323
2313.76079915323
2313.76079915323
2313.76079915323
2313.76079915323
2313.76079915323
2313.76079915323
2313.76079915323
2313.76079915323
2313.76079915323
2313.76079915323
2313.76079915323
2313.76079915323
2313.76079915323
2313.76079915323
2313.76079915323
2313.76079915323
2313.76079915323
2313.76079915323
2313.76079915323
2313.76079915323
2313.76079915323
2313.76079915323
2313.76079915323
2313.76079915323
2313.76079915323
2313.76079915323
2313.76079915323
2313.76079915323
2313.76079915323
2313.76079915323
2313.76079915323
2313.76079915323
2313.76079915323
2313.76079915323
2313.76079915323
2313.76079915323
2313.76079915323
2313.76079915323
2313.76079915323
2313.76079915323
2313.76079915323
2313.76079915323
2313.76079915323
2313.76079915323
2313.76079915323
2313.76079915323
2313.76079915323
2313.76079915323
2313.76079915323
2313.76079915323
2313.76079915323
2313.76079915323
2313.76079915323
2313.76079915323
2313.76079915323
2313.76079915323
2313.76079915323
2313.76079915323
2313.76079915323
2313.76079915323
2313.76079915323
2313.76079915323
2313.76079915323
2313.76079915323
2313.76079915323
2313.76079915323
2313.76079915323
2313.76079915323
2313.76079915323
2313.76079915323
2313.76079915323
2313.76079915323
2313.76079915323
2313.76079915323
2313.76079915323
2313.76079915323
2313.76079915323
2313.76079915323
2313.76079915323
2313.76079915323
2313.76079915323
2313.76079915323
2313.76079915323
2313.76079915323
2313.76079915323
2313.76079915323
2313.76079915323
2313.76079915323
2313.76079915323
2313.76079915323
2313.76079915323
2313.76079915323
2313.76079915323
2313.76079915323
2313.76079915323
2313.76079915323
2313.76079915323
2313.76079915323
2313.76079915323
2313.76079915323
2313.76079915323
2313.76079915323
2313.76079915323
2313.76079915323
2313.76079915323
2313.76079915323
2313.76079915323
2313.76079915323
2313.76079915323
2313.76079915323
2313.76079915323
2313.76079915323
2313.76079915323
2313.76079915323
2313.76079915323
2313.76079915323
2313.76079915323
2313.76079915323
2313.76079915323
2313.76079915323
2313.76079915323
2313.76079915323
2313.76079915323
2313.76079915323
2313.76079915323
2313.76079915323
2313.76079915323
2313.76079915323
2313.76079915323
2313.76079915323
2313.76079915323
2313.76079915323
2313.76079915323
2313.76079915323
2313.76079915323
2313.76079915323
2313.76079915323
2313.76079915323
2313.76079915323
2313.76079915323
2313.76079915323
2313.76079915323
2313.76079915323
2313.76079915323
2313.76079915323
2313.76079915323
2313.76079915323
2313.76079915323
2313.76079915323
2313.76079915323
2313.76079915323
2313.76079915323
2313.76079915323
2313.76079915323
2313.76079915323
2313.76079915323
2313.76079915323
2313.76079915323
2313.76079915323
2313.76079915323
2313.76079915323
2313.76079915323
2313.76079915323
2313.76079915323
2313.76079915323
2313.76079915323
2313.76079915323
2313.76079915323
2313.76079915323
2313.76079915323
2313.76079915323
2313.76079915323
2313.76079915323
2313.76079915323
2313.76079915323
2313.76079915323
2313.76079915323
2313.76079915323
2313.76079915323
2313.76079915323
2313.76079915323
2313.76079915323
2313.76079915323
2313.76079915323
2313.76079915323
2313.76079915323
2313.76079915323
2313.76079915323
2313.76079915323
2313.76079915323
2313.76079915323
2313.76079915323
2313.76079915323
2313.76079915323
2313.76079915323
2313.76079915323
2313.76079915323
2313.76079915323
2313.76079915323
2313.76079915323
2313.76079915323
2313.76079915323
2313.76079915323
2313.76079915323
2313.76079915323
2313.76079915323
2313.76079915323
2313.76079915323
2313.76079915323
2313.76079915323
2313.76079915323
2313.76079915323
2313.76079915323
2313.76079915323
2313.76079915323
2313.76079915323
2313.76079915323
2313.76079915323
2313.76079915323
2313.76079915323
2313.76079915323
2313.76079915323
2313.76079915323
2313.76079915323
2313.76079915323
2313.76079915323
2313.76079915323
2313.76079915323
2313.76079915323
2313.76079915323
2313.76079915323
2313.76079915323
2313.76079915323
2313.76079915323
2313.76079915323
2313.76079915323
2313.76079915323
2313.76079915323
2313.76079915323
2313.76079915323
2313.76079915323
2313.76079915323
2313.76079915323
2313.76079915323
2313.76079915323
2313.76079915323
2313.76079915323
2313.76079915323
2313.76079915323
2313.76079915323
2313.76079915323
2313.76079915323
2313.76079915323
2313.76079915323
2313.76079915323
2313.76079915323
2313.76079915323
2313.76079915323
2313.76079915323
2313.76079915323
2313.76079915323
2313.76079915323
2313.76079915323
2313.76079915323
2313.76079915323
2313.76079915323
2313.76079915323
2313.76079915323
2313.76079915323
2313.76079915323
2313.76079915323
2313.76079915323
2313.76079915323
2313.76079915323
2313.76079915323
2313.76079915323
2313.76079915323
2313.76079915323
2313.76079915323
2313.76079915323
2313.76079915323
2313.76079915323
2313.76079915323
2313.76079915323
2313.76079915323
2313.76079915323
2313.76079915323
2313.76079915323
2313.76079915323
2313.76079915323
2313.76079915323
2313.76079915323
2313.76079915323
2313.76079915323
2313.76079915323
2313.76079915323
2313.76079915323
2313.76079915323
2313.76079915323
2313.76079915323
2313.76079915323
2313.76079915323
2313.76079915323
2313.76079915323
2313.76079915323
2313.76079915323
2313.76079915323
2313.76079915323
2313.76079915323
2313.76079915323
2313.76079915323
2313.76079915323
2313.76079915323
2313.76079915323
2313.76079915323
2313.76079915323
2313.76079915323
2313.76079915323
2313.76079915323
2313.76079915323
2313.76079915323
2313.76079915323
2313.76079915323
2313.76079915323
2313.76079915323
2313.76079915323
2313.76079915323
2313.76079915323
2313.76079915323
2313.76079915323
2313.76079915323
2313.76079915323
2313.76079915323
2313.76079915323
2313.76079915323
2313.76079915323
2313.76079915323
2313.76079915323
2313.76079915323
2313.76079915323
2313.76079915323
2313.76079915323
2313.76079915323
2313.76079915323
2313.76079915323
2313.76079915323
2313.76079915323
2313.76079915323
2313.76079915323
2313.76079915323
2313.76079915323
2313.76079915323
2313.76079915323
2313.76079915323
2313.76079915323
2313.76079915323
2313.76079915323
2313.76079915323
2313.76079915323
2313.76079915323
2313.76079915323
2313.76079915323
2313.76079915323
2313.76079915323
2313.76079915323
2313.76079915323
2313.76079915323
2313.76079915323
2313.76079915323
2313.76079915323
2313.76079915323
2313.76079915323
2313.76079915323
2313.76079915323
2313.76079915323
2313.76079915323
2313.76079915323
2313.76079915323
2313.76079915323
2313.76079915323
2313.76079915323
2313.76079915323
2313.76079915323
2313.76079915323
2313.76079915323
2313.76079915323
2313.76079915323
2313.76079915323
2313.76079915323
2313.76079915323
2313.76079915323
2313.76079915323
2313.76079915323
2313.76079915323
2313.76079915323
2313.76079915323
2313.76079915323
2313.76079915323
2313.76079915323
2313.76079915323
2313.76079915323
2313.76079915323
2313.76079915323
2313.76079915323
2313.76079915323
2313.76079915323
2313.76079915323
2313.76079915323
2313.76079915323
2313.76079915323
2313.76079915323
2313.76079915323
2313.76079915323
2313.76079915323
2313.76079915323
2313.76079915323
2313.76079915323
2313.76079915323
2313.76079915323
2313.76079915323
2313.76079915323
2313.76079915323
2313.76079915323
2313.76079915323
2313.76079915323
2313.76079915323
2313.76079915323
2313.76079915323
2313.76079915323
2313.76079915323
2313.76079915323
2313.76079915323
2313.76079915323
2313.76079915323
2313.76079915323
2313.76079915323
2313.76079915323
2313.76079915323
2313.76079915323
2313.76079915323
2313.76079915323
2313.76079915323
2313.76079915323
2313.76079915323
2313.76079915323
2313.76079915323
2313.76079915323
2313.76079915323
2313.76079915323
2313.76079915323
2313.76079915323
2313.76079915323
2313.76079915323
2313.76079915323
2313.76079915323
2313.76079915323
2313.76079915323
2313.76079915323
2313.76079915323
2313.76079915323
2313.76079915323
2313.76079915323
2313.76079915323
2313.76079915323
2313.76079915323
2313.76079915323
2313.76079915323
2313.76079915323
2313.76079915323
2313.76079915323
2313.76079915323
2313.76079915323
2313.76079915323
2313.76079915323
2313.76079915323
2313.76079915323
2313.76079915323
2313.76079915323
2313.76079915323
2313.76079915323
2313.76079915323
2313.76079915323
2313.76079915323
2313.76079915323
2313.76079915323
2313.76079915323
2313.76079915323
2313.76079915323
2313.76079915323
2313.76079915323
2313.76079915323
2313.76079915323
2313.76079915323
2313.76079915323
2313.76079915323
2313.76079915323
2313.76079915323
2313.76079915323
2313.76079915323
2313.76079915323
2313.76079915323
2313.76079915323
2313.76079915323
2313.76079915323
2313.76079915323
2313.76079915323
2313.76079915323
2313.76079915323
2313.76079915323
2313.76079915323
2313.76079915323
2313.76079915323
2313.76079915323
2313.76079915323
2313.76079915323
2313.76079915323
2313.76079915323
2313.76079915323
2313.76079915323
2313.76079915323
2313.76079915323
2313.76079915323
2313.76079915323
2313.76079915323
2313.76079915323
2313.76079915323
2313.76079915323
2313.76079915323
2313.76079915323
2313.76079915323
2313.76079915323
2313.76079915323
2313.76079915323
2313.76079915323
2313.76079915323
2313.76079915323
2313.76079915323
2313.76079915323
2313.76079915323
2313.76079915323
2313.76079915323
2313.76079915323
2313.76079915323
2313.76079915323
2313.76079915323
2313.76079915323
2313.76079915323
2313.76079915323
2313.76079915323
2313.76079915323
2313.76079915323
2313.76079915323
2313.76079915323
2313.76079915323
2313.76079915323
2313.76079915323
2313.76079915323
2313.76079915323
2313.76079915323
2313.76079915323
2313.76079915323
2313.76079915323
2313.76079915323
2313.76079915323
2313.76079915323
2313.76079915323
2313.76079915323
2313.76079915323
2313.76079915323
2313.76079915323
2313.76079915323
2313.76079915323
2313.76079915323
2313.76079915323
2313.76079915323
2313.76079915323
2313.76079915323
2313.76079915323
2313.76079915323
2313.76079915323
2313.76079915323
2313.76079915323
2313.76079915323
2313.76079915323
2313.76079915323
2313.76079915323
2313.76079915323
2313.76079915323
2313.76079915323
2313.76079915323
2313.76079915323
2313.76079915323
2313.76079915323
2313.76079915323
2313.76079915323
2313.76079915323
2313.76079915323
2313.76079915323
2313.76079915323
2313.76079915323
2313.76079915323
2313.76079915323
2313.76079915323
2313.76079915323
2313.76079915323
2313.76079915323
2313.76079915323
2313.76079915323
2313.76079915323
2313.76079915323
2313.76079915323
2313.76079915323
2313.76079915323
2313.76079915323
2313.76079915323
2313.76079915323
2313.76079915323
2313.76079915323
2313.76079915323
2313.76079915323
2313.76079915323
2313.76079915323
2313.76079915323
2313.76079915323
2313.76079915323
2313.76079915323
2313.76079915323
2313.76079915323
2313.76079915323
2313.76079915323
2313.76079915323
2313.76079915323
2313.76079915323
2313.76079915323
2313.76079915323
2313.76079915323
2313.76079915323
2313.76079915323
2313.76079915323
2313.76079915323
2313.76079915323
2313.76079915323
2313.76079915323
2313.76079915323
2313.76079915323
2313.76079915323
2313.76079915323
2313.76079915323
2313.76079915323
2313.76079915323
2313.76079915323
2313.76079915323
2313.76079915323
2313.76079915323
2313.76079915323
2313.76079915323
2313.76079915323
2313.76079915323
2313.76079915323
2313.76079915323
2313.76079915323
2313.76079915323
2313.76079915323
2313.76079915323
2313.76079915323
2313.76079915323
2313.76079915323
2313.76079915323
2313.76079915323
2313.76079915323
2313.76079915323
2313.76079915323
2313.76079915323
2313.76079915323
2313.76079915323
2313.76079915323
2313.76079915323
2313.76079915323
2313.76079915323
2313.76079915323
2313.76079915323
2313.76079915323
2313.76079915323
2313.76079915323
2313.76079915323
2313.76079915323
2313.76079915323
2313.76079915323
2313.76079915323
2313.76079915323
2313.76079915323
2313.76079915323
2313.76079915323
2313.76079915323
2313.76079915323
2313.76079915323
2313.76079915323
2313.76079915323
2313.76079915323
2313.76079915323
2313.76079915323
2313.76079915323
2313.76079915323
2313.76079915323
2313.76079915323
2313.76079915323
2313.76079915323
2313.76079915323
2313.76079915323
2313.76079915323
2313.76079915323
2313.76079915323
2313.76079915323
2313.76079915323
2313.76079915323
2313.76079915323
2313.76079915323
2313.76079915323
2313.76079915323
2313.76079915323
2313.76079915323
2313.76079915323
2313.76079915323
2313.76079915323
2313.76079915323
2313.76079915323
2313.76079915323
2313.76079915323
2313.76079915323
2313.76079915323
2313.76079915323
2313.76079915323
2313.76079915323
2313.76079915323
2313.76079915323
2313.76079915323
2313.76079915323
2313.76079915323
2313.76079915323
2313.76079915323
2313.76079915323
2313.76079915323
2313.76079915323
2313.76079915323
2313.76079915323
2313.76079915323
2313.76079915323
2313.76079915323
2313.76079915323
2313.76079915323
2313.76079915323
2313.76079915323
2313.76079915323
2313.76079915323
2313.76079915323
2313.76079915323
2313.76079915323
2313.76079915323
2313.76079915323
2313.76079915323
2313.76079915323
2313.76079915323
2313.76079915323
2313.76079915323
2313.76079915323
2313.76079915323
2313.76079915323
2313.76079915323
2313.76079915323
2313.76079915323
2313.76079915323
2313.76079915323
2313.76079915323
2313.76079915323
2313.76079915323
2313.76079915323
2313.76079915323
2313.76079915323
2313.76079915323
2313.76079915323
2313.76079915323
2313.76079915323
2313.76079915323
2313.76079915323
2313.76079915323
2313.76079915323
2313.76079915323
2313.76079915323
2313.76079915323
2313.76079915323
2313.76079915323
2313.76079915323
2313.76079915323
2313.76079915323
2313.76079915323
2313.76079915323
2313.76079915323
2313.76079915323
2313.76079915323
2313.76079915323
2313.76079915323
2313.76079915323
2313.76079915323
2313.76079915323
2313.76079915323
2313.76079915323
2313.76079915323
2313.76079915323
2313.76079915323
2313.76079915323
2313.76079915323
2313.76079915323
2313.76079915323
2313.76079915323
2313.76079915323
2313.76079915323
2313.76079915323
2313.76079915323
2313.76079915323
2313.76079915323
2313.76079915323
2313.76079915323
2313.76079915323
2313.76079915323
2313.76079915323
2313.76079915323
2313.76079915323
2313.76079915323
2313.76079915323
2313.76079915323
2313.76079915323
2313.76079915323
2313.76079915323
2313.76079915323
2313.76079915323
2313.76079915323
2313.76079915323
2313.76079915323
2313.76079915323
2313.76079915323
2313.76079915323
2313.76079915323
2313.76079915323
2313.76079915323
2313.76079915323
2313.76079915323
2313.76079915323
2313.76079915323
2313.76079915323
2313.76079915323
2313.76079915323
2313.76079915323
2313.76079915323
2313.76079915323
2313.76079915323
2313.76079915323
2313.76079915323
2313.76079915323
2313.76079915323
2313.76079915323
2313.76079915323
2313.76079915323
2313.76079915323
2313.76079915323
2313.76079915323
2313.76079915323
2313.76079915323
2313.76079915323
2313.76079915323
2313.76079915323
2313.76079915323
2313.76079915323
2313.76079915323
2313.76079915323
2313.76079915323
2313.76079915323
2313.76079915323
2313.76079915323
2313.76079915323
2313.76079915323
2313.76079915323
2313.76079915323
2313.76079915323
2313.76079915323
2313.76079915323
2313.76079915323
2313.76079915323
2313.76079915323
2313.76079915323
2313.76079915323
2313.76079915323
2313.76079915323
2313.76079915323
2313.76079915323
2313.76079915323
2313.76079915323
2313.76079915323
2313.76079915323
2313.76079915323
2313.76079915323
2313.76079915323
2313.76079915323
2313.76079915323
2313.76079915323
2313.76079915323
2313.76079915323
2313.76079915323
2313.76079915323
2313.76079915323
2313.76079915323
2313.76079915323
2313.76079915323
2313.76079915323
2313.76079915323
2313.76079915323
2313.76079915323
2313.76079915323
2313.76079915323
2313.76079915323
2313.76079915323
2313.76079915323
2313.76079915323
2313.76079915323
2313.76079915323
2313.76079915323
2313.76079915323
2313.76079915323
2313.76079915323
2313.76079915323
2313.76079915323
2313.76079915323
2313.76079915323
2313.76079915323
2313.76079915323
2313.76079915323
2313.76079915323
2313.76079915323
2313.76079915323
2313.76079915323
2313.76079915323
2313.76079915323
2313.76079915323
2313.76079915323
2313.76079915323
2313.76079915323
2313.76079915323
2313.76079915323
2313.76079915323
2313.76079915323
2313.76079915323
2313.76079915323
2313.76079915323
2313.76079915323
2313.76079915323
2313.76079915323
2313.76079915323
2313.76079915323
2313.76079915323
2313.76079915323
2313.76079915323
2313.76079915323
2313.76079915323
2313.76079915323
2313.76079915323
2313.76079915323
2313.76079915323
2313.76079915323
2313.76079915323
2313.76079915323
2313.76079915323
2313.76079915323
2313.76079915323
2313.76079915323
2313.76079915323
2313.76079915323
2313.76079915323
2313.76079915323
2313.76079915323
2313.76079915323
2313.76079915323
2313.76079915323
2313.76079915323
2313.76079915323
2313.76079915323
2313.76079915323
2313.76079915323
2313.76079915323
2313.76079915323
2313.76079915323
2313.76079915323
2313.76079915323
2313.76079915323
2313.76079915323
2313.76079915323
2313.76079915323
2313.76079915323
2313.76079915323
2313.76079915323
2313.76079915323
2313.76079915323
2313.76079915323
2313.76079915323
2313.76079915323
2313.76079915323
2313.76079915323
2313.76079915323
2313.76079915323
2313.76079915323
2313.76079915323
2313.76079915323
2313.76079915323
2313.76079915323
2313.76079915323
2313.76079915323
2313.76079915323
2313.76079915323
2313.76079915323
2313.76079915323
2313.76079915323
2313.76079915323
2313.76079915323
2313.76079915323
2313.76079915323
2313.76079915323
2313.76079915323
2313.76079915323
2313.76079915323
2313.76079915323
2313.76079915323
2313.76079915323
2313.76079915323
2313.76079915323
2313.76079915323
2313.76079915323
2313.76079915323
2313.76079915323
2313.76079915323
2313.76079915323
2313.76079915323
2313.76079915323
2313.76079915323
2313.76079915323
2313.76079915323
2313.76079915323
2313.76079915323
2313.76079915323
2313.76079915323
2313.76079915323
2313.76079915323
2313.76079915323
2313.76079915323
2313.76079915323
2313.76079915323
2313.76079915323
2313.76079915323
2313.76079915323
2313.76079915323
2313.76079915323
2313.76079915323
2313.76079915323
2313.76079915323
2313.76079915323
2313.76079915323
2313.76079915323
2313.76079915323
2313.76079915323
2313.76079915323
2313.76079915323
2313.76079915323
2313.76079915323
2313.76079915323
2313.76079915323
2313.76079915323
2313.76079915323
2313.76079915323
2313.76079915323
2313.76079915323
2313.76079915323
2313.76079915323
2313.76079915323
2313.76079915323
2313.76079915323
2313.76079915323
2313.76079915323
2313.76079915323
2313.76079915323
2313.76079915323
2313.76079915323
2313.76079915323
2313.76079915323
2313.76079915323
2313.76079915323
2313.76079915323
2313.76079915323
2313.76079915323
2313.76079915323
2313.76079915323
2313.76079915323
2313.76079915323
2313.76079915323
2313.76079915323
2313.76079915323
2313.76079915323
2313.76079915323
2313.76079915323
2313.76079915323
2313.76079915323
2313.76079915323
2313.76079915323
2313.76079915323
2313.76079915323
2313.76079915323
2313.76079915323
2313.76079915323
2313.76079915323
2313.76079915323
2313.76079915323
2313.76079915323
2313.76079915323
2313.76079915323
2313.76079915323
2313.76079915323
2313.76079915323
2313.76079915323
2313.76079915323
2313.76079915323
2313.76079915323
2313.76079915323
2313.76079915323
2313.76079915323
2313.76079915323
2313.76079915323
2313.76079915323
2313.76079915323
2313.76079915323
2313.76079915323
2313.76079915323
2313.76079915323
2313.76079915323
2313.76079915323
2313.76079915323
2313.76079915323
2313.76079915323
2313.76079915323
2313.76079915323
2313.76079915323
2313.76079915323
2313.76079915323
2313.76079915323
2313.76079915323
2313.76079915323
2313.76079915323
2313.76079915323
2313.76079915323
2313.76079915323
2313.76079915323
2313.76079915323
2313.76079915323
2313.76079915323
2313.76079915323
2313.76079915323
2313.76079915323
2313.76079915323
2313.76079915323
2313.76079915323
2313.76079915323
2313.76079915323
2313.76079915323
2313.76079915323
2313.76079915323
2313.76079915323
2313.76079915323
2313.76079915323
2313.76079915323
2313.76079915323
2313.76079915323
2313.76079915323
2313.76079915323
2313.76079915323
2313.76079915323
2313.76079915323
2313.76079915323
2313.76079915323
2313.76079915323
2313.76079915323
2313.76079915323
2313.76079915323
2313.76079915323
2313.76079915323
2313.76079915323
2313.76079915323
2313.76079915323
2313.76079915323
2313.76079915323
2313.76079915323
2313.76079915323
2313.76079915323
2313.76079915323
2313.76079915323
2313.76079915323
2313.76079915323
2313.76079915323
2313.76079915323
2313.76079915323
2313.76079915323
2313.76079915323
2313.76079915323
2313.76079915323
2313.76079915323
2313.76079915323
2313.76079915323
2313.76079915323
2313.76079915323
2313.76079915323
2313.76079915323
2313.76079915323
2313.76079915323
2313.76079915323
2313.76079915323
2313.76079915323
2313.76079915323
2313.76079915323
2313.76079915323
2313.76079915323
2313.76079915323
2313.76079915323
2313.76079915323
2313.76079915323
2313.76079915323
2313.76079915323
2313.76079915323
2313.76079915323
2313.76079915323
2313.76079915323
2313.76079915323
2313.76079915323
2313.76079915323
2313.76079915323
2313.76079915323
2313.76079915323
2313.76079915323
2313.76079915323
2313.76079915323
2313.76079915323
2313.76079915323
2313.76079915323
2313.76079915323
2313.76079915323
2313.76079915323
2313.76079915323
2313.76079915323
2313.76079915323
2313.76079915323
2313.76079915323
2313.76079915323
2313.76079915323
2313.76079915323
2313.76079915323
2313.76079915323
2313.76079915323
2313.76079915323
2313.76079915323
2313.76079915323
2313.76079915323
2313.76079915323
2313.76079915323
2313.76079915323
2313.76079915323
2313.76079915323
2313.76079915323
2313.76079915323
2313.76079915323
2313.76079915323
2313.76079915323
2313.76079915323
2313.76079915323
2313.76079915323
2313.76079915323
2313.76079915323
2313.76079915323
2313.76079915323
2313.76079915323
2313.76079915323
2313.76079915323
2313.76079915323
2313.76079915323
2313.76079915323
2313.76079915323
2313.76079915323
2313.76079915323
2313.76079915323
2313.76079915323
2313.76079915323
2313.76079915323
2313.76079915323
2313.76079915323
2313.76079915323
2313.76079915323
2313.76079915323
2313.76079915323
2313.76079915323
2313.76079915323
2313.76079915323
2313.76079915323
2313.76079915323
2313.76079915323
2313.76079915323
2313.76079915323
2313.76079915323
2313.76079915323
2313.76079915323
2313.76079915323
2313.76079915323
2313.76079915323
2313.76079915323
2313.76079915323
2313.76079915323
2313.76079915323
2313.76079915323
2313.76079915323
2313.76079915323
2313.76079915323
2313.76079915323
2313.76079915323
2313.76079915323
2313.76079915323
2313.76079915323
2313.76079915323
2313.76079915323
2313.76079915323
2313.76079915323
2313.76079915323
2313.76079915323
2313.76079915323
2313.76079915323
2313.76079915323
2313.76079915323
2313.76079915323
2313.76079915323
2313.76079915323
2313.76079915323
2313.76079915323
2313.76079915323
2313.76079915323
2313.76079915323
2313.76079915323
2313.76079915323
2313.76079915323
2313.76079915323
2313.76079915323
2313.76079915323
2313.76079915323
2313.76079915323
2313.76079915323
2313.76079915323
2313.76079915323
2313.76079915323
2313.76079915323
2313.76079915323
2313.76079915323
2313.76079915323
2313.76079915323
2313.76079915323
2313.76079915323
2313.76079915323
2313.76079915323
2313.76079915323
2313.76079915323
2313.76079915323
2313.76079915323
2313.76079915323
2313.76079915323
2313.76079915323
2313.76079915323
2313.76079915323
2313.76079915323
2313.76079915323
2313.76079915323
2313.76079915323
2313.76079915323
2313.76079915323
2313.76079915323
2313.76079915323
2313.76079915323
2313.76079915323
2313.76079915323
2313.76079915323
2313.76079915323
2313.76079915323
2313.76079915323
2313.76079915323
2313.76079915323
2313.76079915323
2313.76079915323
2313.76079915323
2313.76079915323
2313.76079915323
2313.76079915323
2313.76079915323
2313.76079915323
2313.76079915323
2313.76079915323
2313.76079915323
2313.76079915323
2313.76079915323
2313.76079915323
2313.76079915323
2313.76079915323
2313.76079915323
2313.76079915323
2313.76079915323
2313.76079915323
2313.76079915323
2313.76079915323
2313.76079915323
2313.76079915323
2313.76079915323
2313.76079915323
2313.76079915323
2313.76079915323
2313.76079915323
2313.76079915323
2313.76079915323
2313.76079915323
2313.76079915323
2313.76079915323
2313.76079915323
2313.76079915323
2313.76079915323
2313.76079915323
2313.76079915323
2313.76079915323
2313.76079915323
2313.76079915323
2313.76079915323
2313.76079915323
2313.76079915323
2313.76079915323
2313.76079915323
2313.76079915323
2313.76079915323
2313.76079915323
2313.76079915323
2313.76079915323
2313.76079915323
2313.76079915323
2313.76079915323
2313.76079915323
2313.76079915323
2313.76079915323
2313.76079915323
2313.76079915323
2313.76079915323
2313.76079915323
2313.76079915323
2313.76079915323
2313.76079915323
2313.76079915323
2313.76079915323
2313.76079915323
2313.76079915323
2313.76079915323
2313.76079915323
2313.76079915323
2313.76079915323
2313.76079915323
2313.76079915323
2313.76079915323
2313.76079915323
2313.76079915323
2313.76079915323
2313.76079915323
2313.76079915323
2313.76079915323
2313.76079915323
2313.76079915323
2313.76079915323
2313.76079915323
2313.76079915323
2313.76079915323
2313.76079915323
2313.76079915323
2313.76079915323
2313.76079915323
2313.76079915323
2313.76079915323
2313.76079915323
2313.76079915323
2313.76079915323
2313.76079915323
2313.76079915323
2313.76079915323
2313.76079915323
2313.76079915323
2313.76079915323
2313.76079915323
2313.76079915323
2313.76079915323
2313.76079915323
2313.76079915323
2313.76079915323
2313.76079915323
2313.76079915323
2313.76079915323
2313.76079915323
2313.76079915323
2313.76079915323
2313.76079915323
2313.76079915323
2313.76079915323
2313.76079915323
2313.76079915323
2313.76079915323
2313.76079915323
2313.76079915323
2313.76079915323
2313.76079915323
2313.76079915323
2313.76079915323
2313.76079915323
2313.76079915323
2313.76079915323
2313.76079915323
2313.76079915323
2313.76079915323
2313.76079915323
2313.76079915323
2313.76079915323
2313.76079915323
2313.76079915323
2313.76079915323
2313.76079915323
2313.76079915323
2313.76079915323
2313.76079915323
2313.76079915323
2313.76079915323
2313.76079915323
2313.76079915323
2313.76079915323
2313.76079915323
2313.76079915323
2313.76079915323
2313.76079915323
2313.76079915323
2313.76079915323
2313.76079915323
2313.76079915323
2313.76079915323
2313.76079915323
2313.76079915323
2313.76079915323
2313.76079915323
2313.76079915323
2313.76079915323
2313.76079915323
2313.76079915323
2313.76079915323
2313.76079915323
2313.76079915323
2313.76079915323
2313.76079915323
2313.76079915323
2313.76079915323
2313.76079915323
2313.76079915323
2313.76079915323
2313.76079915323
2313.76079915323
2313.76079915323
2313.76079915323
2313.76079915323
2313.76079915323
2313.76079915323
2313.76079915323
2313.76079915323
2313.76079915323
2313.76079915323
2313.76079915323
2313.76079915323
2313.76079915323
2313.76079915323
2313.76079915323
2313.76079915323
2313.76079915323
2313.76079915323
2313.76079915323
2313.76079915323
2313.76079915323
2313.76079915323
2313.76079915323
2313.76079915323
2313.76079915323
2313.76079915323
2313.76079915323
2313.76079915323
2313.76079915323
2313.76079915323
2313.76079915323
2313.76079915323
2313.76079915323
2313.76079915323
2313.76079915323
2313.76079915323
2313.76079915323
2313.76079915323
2313.76079915323
2313.76079915323
2313.76079915323
2313.76079915323
2313.76079915323
2313.76079915323
2313.76079915323
2313.76079915323
2313.76079915323
2313.76079915323
2313.76079915323
2313.76079915323
2313.76079915323
2313.76079915323
2313.76079915323
2313.76079915323
2313.76079915323
2313.76079915323
2313.76079915323
2313.76079915323
2313.76079915323
2313.76079915323
2313.76079915323
2313.76079915323
2313.76079915323
2313.76079915323
2313.76079915323
2313.76079915323
2313.76079915323
2313.76079915323
2313.76079915323
2313.76079915323
2313.76079915323
2313.76079915323
2313.76079915323
2313.76079915323
2313.76079915323
2313.76079915323
2313.76079915323
2313.76079915323
2313.76079915323
2313.76079915323
2313.76079915323
2313.76079915323
2313.76079915323
2313.76079915323
2313.76079915323
2313.76079915323
2313.76079915323
2313.76079915323
2313.76079915323
2313.76079915323
2313.76079915323
2313.76079915323
2313.76079915323
2313.76079915323
2313.76079915323
2313.76079915323
2313.76079915323
2313.76079915323
2313.76079915323
2313.76079915323
2313.76079915323
2313.76079915323
2313.76079915323
2313.76079915323
2313.76079915323
2313.76079915323
2313.76079915323
2313.76079915323
2313.76079915323
2313.76079915323
2313.76079915323
2313.76079915323
2313.76079915323
2313.76079915323
2313.76079915323
2313.76079915323
2313.76079915323
2313.76079915323
2313.76079915323
2313.76079915323
2313.76079915323
2313.76079915323
2313.76079915323
2313.76079915323
2313.76079915323
2313.76079915323
2313.76079915323
2313.76079915323
2313.76079915323
2313.76079915323
2313.76079915323
2313.76079915323
2313.76079915323
2313.76079915323
2313.76079915323
2313.76079915323
2313.76079915323
2313.76079915323
2313.76079915323
2313.76079915323
2313.76079915323
2313.76079915323
2313.76079915323
2313.76079915323
2313.76079915323
2313.76079915323
2313.76079915323
2313.76079915323
2313.76079915323
2313.76079915323
2313.76079915323
2313.76079915323
2313.76079915323
2313.76079915323
2313.76079915323
2313.76079915323
2313.76079915323
2313.76079915323
2313.76079915323
2313.76079915323
2313.76079915323
2313.76079915323
2313.76079915323
2313.76079915323
2313.76079915323
2313.76079915323
2313.76079915323
2313.76079915323
2313.76079915323
2313.76079915323
2313.76079915323
2313.76079915323
2313.76079915323
2313.76079915323
2313.76079915323
2313.76079915323
2313.76079915323
2313.76079915323
2313.76079915323
2313.76079915323
2313.76079915323
2313.76079915323
2313.76079915323
2313.76079915323
2313.76079915323
2313.76079915323
2313.76079915323
2313.76079915323
2313.76079915323
2313.76079915323
2313.76079915323
2313.76079915323
2313.76079915323
2313.76079915323
2313.76079915323
2313.76079915323
2313.76079915323
2313.76079915323
2313.76079915323
2313.76079915323
2313.76079915323
2313.76079915323
2313.76079915323
2313.76079915323
2313.76079915323
2313.76079915323
2313.76079915323
2313.76079915323
2313.76079915323
2313.76079915323
2313.76079915323
2313.76079915323
2313.76079915323
2313.76079915323
2313.76079915323
2313.76079915323
2313.76079915323
2313.76079915323
2313.76079915323
2313.76079915323
2313.76079915323
2313.76079915323
2313.76079915323
2313.76079915323
2313.76079915323
2313.76079915323
2313.76079915323
2313.76079915323
2313.76079915323
2313.76079915323
2313.76079915323
2313.76079915323
2313.76079915323
2313.76079915323
2313.76079915323
2313.76079915323
2313.76079915323
2313.76079915323
2313.76079915323
2313.76079915323
2313.76079915323
2313.76079915323
2313.76079915323
2313.76079915323
2313.76079915323
2313.76079915323
2313.76079915323
2313.76079915323
2313.76079915323
2313.76079915323
2313.76079915323
2313.76079915323
2313.76079915323
2313.76079915323
2313.76079915323
2313.76079915323
2313.76079915323
2313.76079915323
2313.76079915323
2313.76079915323
2313.76079915323
2313.76079915323
2313.76079915323
2313.76079915323
2313.76079915323
2313.76079915323
2313.76079915323
2313.76079915323
2313.76079915323
2313.76079915323
2313.76079915323
2313.76079915323
2313.76079915323
2313.76079915323
2313.76079915323
2313.76079915323
2313.76079915323
2313.76079915323
2313.76079915323
2313.76079915323
2313.76079915323
2313.76079915323
2313.76079915323
2313.76079915323
2313.76079915323
2313.76079915323
2313.76079915323
2313.76079915323
2313.76079915323
2313.76079915323
2313.76079915323
2313.76079915323
2313.76079915323
2313.76079915323
2313.76079915323
2313.76079915323
2313.76079915323
2313.76079915323
2313.76079915323
2313.76079915323
2313.76079915323
2313.76079915323
2313.76079915323
2313.76079915323
2313.76079915323
2313.76079915323
2313.76079915323
2313.76079915323
2313.76079915323
2313.76079915323
2313.76079915323
2313.76079915323
2313.76079915323
2313.76079915323
2313.76079915323
2313.76079915323
2313.76079915323
2313.76079915323
2313.76079915323
2313.76079915323
2313.76079915323
2313.76079915323
2313.76079915323
2313.76079915323
2313.76079915323
2313.76079915323
2313.76079915323
2313.76079915323
2313.76079915323
2313.76079915323
2313.76079915323
2313.76079915323
2313.76079915323
2313.76079915323
2313.76079915323
2313.76079915323
2313.76079915323
2313.76079915323
2313.76079915323
2313.76079915323
2313.76079915323
2313.76079915323
2313.76079915323
2313.76079915323
2313.76079915323
2313.76079915323
2313.76079915323
2313.76079915323
2313.76079915323
2313.76079915323
2313.76079915323
2313.76079915323
2313.76079915323
2313.76079915323
2313.76079915323
2313.76079915323
2313.76079915323
2313.76079915323
2313.76079915323
2313.76079915323
2313.76079915323
2313.76079915323
2313.76079915323
2313.76079915323
2313.76079915323
2313.76079915323
2313.76079915323
2313.76079915323
2313.76079915323
2313.76079915323
2313.76079915323
2313.76079915323
2313.76079915323
2313.76079915323
2313.76079915323
2313.76079915323
2313.76079915323
2313.76079915323
2313.76079915323
2313.76079915323
2313.76079915323
2313.76079915323
2313.76079915323
2313.76079915323
2313.76079915323
2313.76079915323
2313.76079915323
2313.76079915323
2313.76079915323
2313.76079915323
2313.76079915323
2313.76079915323
2313.76079915323
2313.76079915323
2313.76079915323
2313.76079915323
2313.76079915323
2313.76079915323
2313.76079915323
2313.76079915323
2313.76079915323
2313.76079915323
2313.76079915323
2313.76079915323
2313.76079915323
2313.76079915323
2313.76079915323
2313.76079915323
2313.76079915323
2313.76079915323
2313.76079915323
2313.76079915323
2313.76079915323
2313.76079915323
2313.76079915323
2313.76079915323
2313.76079915323
2313.76079915323
2313.76079915323
2313.76079915323
2313.76079915323
2313.76079915323
2313.76079915323
2313.76079915323
2313.76079915323
2313.76079915323
2313.76079915323
2313.76079915323
2313.76079915323
2313.76079915323
2313.76079915323
2313.76079915323
2313.76079915323
2313.76079915323
2313.76079915323
2313.76079915323
2313.76079915323
2313.76079915323
2313.76079915323
2313.76079915323
2313.76079915323
2313.76079915323
2313.76079915323
2313.76079915323
2313.76079915323
2313.76079915323
2313.76079915323
2313.76079915323
2313.76079915323
2313.76079915323
2313.76079915323
2313.76079915323
2313.76079915323
2313.76079915323
2313.76079915323
2313.76079915323
2313.76079915323
2313.76079915323
2313.76079915323
2313.76079915323
2313.76079915323
2313.76079915323
2313.76079915323
2313.76079915323
2313.76079915323
2313.76079915323
2313.76079915323
2313.76079915323
2313.76079915323
2313.76079915323
2313.76079915323
2313.76079915323
2313.76079915323
2313.76079915323
2313.76079915323
2313.76079915323
2313.76079915323
2313.76079915323
2313.76079915323
2313.76079915323
2313.76079915323
2313.76079915323
2313.76079915323
2313.76079915323
2313.76079915323
2313.76079915323
2313.76079915323
2313.76079915323
2313.76079915323
2313.76079915323
2313.76079915323
2313.76079915323
2313.76079915323
2313.76079915323
2313.76079915323
2313.76079915323
2313.76079915323
2313.76079915323
2313.76079915323
2313.76079915323
2313.76079915323
2313.76079915323
2313.76079915323
2313.76079915323
2313.76079915323
2313.76079915323
2313.76079915323
2313.76079915323
2313.76079915323
2313.76079915323
2313.76079915323
2313.76079915323
2313.76079915323
2313.76079915323
2313.76079915323
2313.76079915323
2313.76079915323
2313.76079915323
2313.76079915323
2313.76079915323
2313.76079915323
2313.76079915323
2313.76079915323
2313.76079915323
2313.76079915323
2313.76079915323
2313.76079915323
2313.76079915323
2313.76079915323
2313.76079915323
2313.76079915323
2313.76079915323
2313.76079915323
2313.76079915323
2313.76079915323
2313.76079915323
2313.76079915323
2313.76079915323
2313.76079915323
2313.76079915323
2313.76079915323
2313.76079915323
2313.76079915323
2313.76079915323
2313.76079915323
2313.76079915323
2313.76079915323
2313.76079915323
2313.76079915323
2313.76079915323
2313.76079915323
2313.76079915323
2313.76079915323
2313.76079915323
2313.76079915323
2313.76079915323
2313.76079915323
2313.76079915323
2313.76079915323
2313.76079915323
2313.76079915323
2313.76079915323
2313.76079915323
2313.76079915323
2313.76079915323
2313.76079915323
2313.76079915323
2313.76079915323
2313.76079915323
2313.76079915323
2313.76079915323
2313.76079915323
2313.76079915323
2313.76079915323
2313.76079915323
2313.76079915323
2313.76079915323
2313.76079915323
2313.76079915323
2313.76079915323
2313.76079915323
2313.76079915323
2313.76079915323
2313.76079915323
2313.76079915323
2313.76079915323
2313.76079915323
2313.76079915323
2313.76079915323
2313.76079915323
2313.76079915323
2313.76079915323
2313.76079915323
2313.76079915323
2313.76079915323
2313.76079915323
2313.76079915323
2313.76079915323
2313.76079915323
2313.76079915323
2313.76079915323
2313.76079915323
2313.76079915323
2313.76079915323
2313.76079915323
2313.76079915323
2313.76079915323
2313.76079915323
2313.76079915323
2313.76079915323
2313.76079915323
2313.76079915323
2313.76079915323
2313.76079915323
2313.76079915323
2313.76079915323
2313.76079915323
2313.76079915323
2313.76079915323
2313.76079915323
2313.76079915323
2313.76079915323
2313.76079915323
2313.76079915323
2313.76079915323
2313.76079915323
2313.76079915323
2313.76079915323
2313.76079915323
2313.76079915323
2313.76079915323
2313.76079915323
2313.76079915323
2313.76079915323
2313.76079915323
2313.76079915323
2313.76079915323
2313.76079915323
2313.76079915323
2313.76079915323
2313.76079915323
2313.76079915323
2313.76079915323
2313.76079915323
2313.76079915323
2313.76079915323
2313.76079915323
2313.76079915323
2313.76079915323
2313.76079915323
2313.76079915323
2313.76079915323
2313.76079915323
2313.76079915323
2313.76079915323
2313.76079915323
2313.76079915323
2313.76079915323
2313.76079915323
2313.76079915323
2313.76079915323
2313.76079915323
2313.76079915323
2313.76079915323
2313.76079915323
2313.76079915323
2313.76079915323
2313.76079915323
2313.76079915323
2313.76079915323
2313.76079915323
2313.76079915323
2313.76079915323
2313.76079915323
2313.76079915323
2313.76079915323
2313.76079915323
2313.76079915323
2313.76079915323
2313.76079915323
2313.76079915323
2313.76079915323
2313.76079915323
2313.76079915323
2313.76079915323
2313.76079915323
2313.76079915323
2313.76079915323
2313.76079915323
2313.76079915323
2313.76079915323
2313.76079915323
2313.76079915323
2313.76079915323
2313.76079915323
2313.76079915323
2313.76079915323
2313.76079915323
2313.76079915323
2313.76079915323
2313.76079915323
2313.76079915323
2313.76079915323
2313.76079915323
2313.76079915323
2313.76079915323
2313.76079915323
2313.76079915323
2313.76079915323
2313.76079915323
2313.76079915323
2313.76079915323
2313.76079915323
2313.76079915323
2313.76079915323
2313.76079915323
2313.76079915323
2313.76079915323
2313.76079915323
2313.76079915323
2313.76079915323
2313.76079915323
2313.76079915323
2313.76079915323
2313.76079915323
2313.76079915323
2313.76079915323
2313.76079915323
2313.76079915323
2313.76079915323
2313.76079915323
2313.76079915323
2313.76079915323
2313.76079915323
2313.76079915323
2313.76079915323
2313.76079915323
2313.76079915323
2313.76079915323
2313.76079915323
2313.76079915323
2313.76079915323
2313.76079915323
2313.76079915323
2313.76079915323
2313.76079915323
2313.76079915323
2313.76079915323
2313.76079915323
2313.76079915323
2313.76079915323
2313.76079915323
2313.76079915323
2313.76079915323
2313.76079915323
2313.76079915323
2313.76079915323
2313.76079915323
2313.76079915323
2313.76079915323
2313.76079915323
2313.76079915323
2313.76079915323
2313.76079915323
2313.76079915323
2313.76079915323
2313.76079915323
2313.76079915323
2313.76079915323
2313.76079915323
2313.76079915323
2313.76079915323
2313.76079915323
2313.76079915323
2313.76079915323
2313.76079915323
2313.76079915323
2313.76079915323
2313.76079915323
2313.76079915323
2313.76079915323
2313.76079915323
2313.76079915323
2313.76079915323
2313.76079915323
2313.76079915323
2313.76079915323
2313.76079915323
2313.76079915323
2313.76079915323
2313.76079915323
2313.76079915323
2313.76079915323
2313.76079915323
2313.76079915323
2313.76079915323
2313.76079915323
2313.76079915323
2313.76079915323
2313.76079915323
2313.76079915323
2313.76079915323
2313.76079915323
2313.76079915323
2313.76079915323
2313.76079915323
2313.76079915323
2313.76079915323
2313.76079915323
2313.76079915323
2313.76079915323
2313.76079915323
2313.76079915323
2313.76079915323
2313.76079915323
2313.76079915323
2313.76079915323
2313.76079915323
2313.76079915323
2313.76079915323
2313.76079915323
2313.76079915323
2313.76079915323
2313.76079915323
2313.76079915323
2313.76079915323
2313.76079915323
2313.76079915323
2313.76079915323
2313.76079915323
2313.76079915323
2313.76079915323
2313.76079915323
2313.76079915323
2313.76079915323
2313.76079915323
2313.76079915323
2313.76079915323
2313.76079915323
2313.76079915323
2313.76079915323
2313.76079915323
2313.76079915323
2313.76079915323
2313.76079915323
2313.76079915323
2313.76079915323
2313.76079915323
2313.76079915323
2313.76079915323
2313.76079915323
2313.76079915323
2313.76079915323
2313.76079915323
2313.76079915323
2313.76079915323
2313.76079915323
2313.76079915323
2313.76079915323
2313.76079915323
2313.76079915323
2313.76079915323
2313.76079915323
2313.76079915323
2313.76079915323
2313.76079915323
2313.76079915323
2313.76079915323
2313.76079915323
2313.76079915323
2313.76079915323
2313.76079915323
2313.76079915323
2313.76079915323
2313.76079915323
2313.76079915323
2313.76079915323
2313.76079915323
2313.76079915323
2313.76079915323
2313.76079915323
2313.76079915323
2313.76079915323
2313.76079915323
2313.76079915323
2313.76079915323
2313.76079915323
2313.76079915323
2313.76079915323
2313.76079915323
2313.76079915323
2313.76079915323
2313.76079915323
2313.76079915323
2313.76079915323
2313.76079915323
2313.76079915323
2313.76079915323
2313.76079915323
2313.76079915323
2313.76079915323
2313.76079915323
2313.76079915323
2313.76079915323
2313.76079915323
2313.76079915323
2313.76079915323
2313.76079915323
2313.76079915323
2313.76079915323
2313.76079915323
2313.76079915323
2313.76079915323
2313.76079915323
2313.76079915323
2313.76079915323
2313.76079915323
2313.76079915323
2313.76079915323
2313.76079915323
2313.76079915323
2313.76079915323
2313.76079915323
2313.76079915323
2313.76079915323
2313.76079915323
2313.76079915323
2313.76079915323
2313.76079915323
2313.76079915323
2313.76079915323
2313.76079915323
2313.76079915323
2313.76079915323
2313.76079915323
2313.76079915323
2313.76079915323
2313.76079915323
2313.76079915323
2313.76079915323
2313.76079915323
2313.76079915323
2313.76079915323
2313.76079915323
2313.76079915323
2313.76079915323
2313.76079915323
2313.76079915323
2313.76079915323
2313.76079915323
2313.76079915323
2313.76079915323
2313.76079915323
2313.76079915323
2313.76079915323
2313.76079915323
2313.76079915323
2313.76079915323
2313.76079915323
2313.76079915323
2313.76079915323
2313.76079915323
2313.76079915323
2313.76079915323
2313.76079915323
2313.76079915323
2313.76079915323
2313.76079915323
2313.76079915323
2313.76079915323
2313.76079915323
2313.76079915323
2313.76079915323
2313.76079915323
2313.76079915323
2313.76079915323
2313.76079915323
2313.76079915323
2313.76079915323
2313.76079915323
2313.76079915323
2313.76079915323
2313.76079915323
2313.76079915323
2313.76079915323
2313.76079915323
2313.76079915323
2313.76079915323
2313.76079915323
2313.76079915323
2313.76079915323
2313.76079915323
2313.76079915323
2313.76079915323
2313.76079915323
2313.76079915323
2313.76079915323
2313.76079915323
2313.76079915323
2313.76079915323
2313.76079915323
2313.76079915323
2313.76079915323
2313.76079915323
2313.76079915323
2313.76079915323
2313.76079915323
2313.76079915323
2313.76079915323
2313.76079915323
2313.76079915323
2313.76079915323
2313.76079915323
2313.76079915323
2313.76079915323
2313.76079915323
2313.76079915323
2313.76079915323
2313.76079915323
2313.76079915323
2313.76079915323
2313.76079915323
2313.76079915323
2313.76079915323
2313.76079915323
2313.76079915323
2313.76079915323
2313.76079915323
2313.76079915323
2313.76079915323
2313.76079915323
2313.76079915323
2313.76079915323
2313.76079915323
2313.76079915323
2313.76079915323
2313.76079915323
2313.76079915323
2313.76079915323
2313.76079915323
2313.76079915323
2313.76079915323
2313.76079915323
2313.76079915323
2313.76079915323
2313.76079915323
2313.76079915323
2313.76079915323
2313.76079915323
2313.76079915323
2313.76079915323
2313.76079915323
2313.76079915323
2313.76079915323
2313.76079915323
2313.76079915323
2313.76079915323
2313.76079915323
2313.76079915323
2313.76079915323
2313.76079915323
2313.76079915323
2313.76079915323
2313.76079915323
2313.76079915323
2313.76079915323
2313.76079915323
2313.76079915323
2313.76079915323
2313.76079915323
2313.76079915323
2313.76079915323
2313.76079915323
2313.76079915323
2313.76079915323
2313.76079915323
2313.76079915323
2313.76079915323
2313.76079915323
2313.76079915323
2313.76079915323
2313.76079915323
2313.76079915323
2313.76079915323
2313.76079915323
2313.76079915323
2313.76079915323
2313.76079915323
2313.76079915323
2313.76079915323
2313.76079915323
2313.76079915323
2313.76079915323
2313.76079915323
2313.76079915323
2313.76079915323
2313.76079915323
2313.76079915323
2313.76079915323
2313.76079915323
2313.76079915323
2313.76079915323
2313.76079915323
2313.76079915323
2313.76079915323
2313.76079915323
2313.76079915323
2313.76079915323
2313.76079915323
2313.76079915323
2313.76079915323
2313.76079915323
2313.76079915323
2313.76079915323
2313.76079915323
2313.76079915323
2313.76079915323
2313.76079915323
2313.76079915323
2313.76079915323
2313.76079915323
2313.76079915323
2313.76079915323
2313.76079915323
2313.76079915323
2313.76079915323
2313.76079915323
2313.76079915323
2313.76079915323
2313.76079915323
2313.76079915323
2313.76079915323
2313.76079915323
2313.76079915323
2313.76079915323
2313.76079915323
2313.76079915323
2313.76079915323
2313.76079915323
2313.76079915323
2313.76079915323
2313.76079915323
2313.76079915323
2313.76079915323
2313.76079915323
2313.76079915323
2313.76079915323
2313.76079915323
2313.76079915323
2313.76079915323
2313.76079915323
2313.76079915323
2313.76079915323
2313.76079915323
2313.76079915323
2313.76079915323
2313.76079915323
2313.76079915323
2313.76079915323
2313.76079915323
2313.76079915323
2313.76079915323
2313.76079915323
2313.76079915323
2313.76079915323
2313.76079915323
2313.76079915323
2313.76079915323
2313.76079915323
2313.76079915323
2313.76079915323
2313.76079915323
2313.76079915323
2313.76079915323
2313.76079915323
2313.76079915323
2313.76079915323
2313.76079915323
2313.76079915323
2313.76079915323
2313.76079915323
2313.76079915323
2313.76079915323
2313.76079915323
2313.76079915323
2313.76079915323
2313.76079915323
2313.76079915323
2313.76079915323
2313.76079915323
2313.76079915323
2313.76079915323
2313.76079915323
2313.76079915323
2313.76079915323
2313.76079915323
2313.76079915323
2313.76079915323
2313.76079915323
2313.76079915323
2313.76079915323
2313.76079915323
2313.76079915323
2313.76079915323
2313.76079915323
2313.76079915323
2313.76079915323
2313.76079915323
2313.76079915323
2313.76079915323
2313.76079915323
2313.76079915323
2313.76079915323
2313.76079915323
2313.76079915323
2313.76079915323
2313.76079915323
2313.76079915323
2313.76079915323
2313.76079915323
2313.76079915323
2313.76079915323
2313.76079915323
2313.76079915323
2313.76079915323
2313.76079915323
2313.76079915323
2313.76079915323
2313.76079915323
2313.76079915323
2313.76079915323
2313.76079915323
2313.76079915323
2313.76079915323
2313.76079915323
2313.76079915323
2313.76079915323
2313.76079915323
2313.76079915323
2313.76079915323
2313.76079915323
2313.76079915323
2313.76079915323
2313.76079915323
2313.76079915323
2313.76079915323
2313.76079915323
2313.76079915323
2313.76079915323
2313.76079915323
2313.76079915323
2313.76079915323
2313.76079915323
2313.76079915323
2313.76079915323
2313.76079915323
2313.76079915323
2313.76079915323
2313.76079915323
2313.76079915323
2313.76079915323
2313.76079915323
2313.76079915323
2313.76079915323
2313.76079915323
2313.76079915323
2313.76079915323
2313.76079915323
2313.76079915323
2313.76079915323
2313.76079915323
2313.76079915323
2313.76079915323
2313.76079915323
2313.76079915323
2313.76079915323
2313.76079915323
2313.76079915323
2313.76079915323
2313.76079915323
2313.76079915323
2313.76079915323
2313.76079915323
2313.76079915323
2313.76079915323
2313.76079915323
2313.76079915323
2313.76079915323
2313.76079915323
2313.76079915323
2313.76079915323
2313.76079915323
2313.76079915323
2313.76079915323
2313.76079915323
2313.76079915323
2313.76079915323
2313.76079915323
2313.76079915323
2313.76079915323
2313.76079915323
2313.76079915323
2313.76079915323
2313.76079915323
2313.76079915323
2313.76079915323
2313.76079915323
2313.76079915323
2313.76079915323
2313.76079915323
2313.76079915323
2313.76079915323
2313.76079915323
2313.76079915323
2313.76079915323
2313.76079915323
2313.76079915323
2313.76079915323
2313.76079915323
2313.76079915323
2313.76079915323
2313.76079915323
2313.76079915323
2313.76079915323
2313.76079915323
2313.76079915323
2313.76079915323
2313.76079915323
2313.76079915323
2313.76079915323
2313.76079915323
2313.76079915323
2313.76079915323
2313.76079915323
2313.76079915323
2313.76079915323
2313.76079915323
2313.76079915323
2313.76079915323
2313.76079915323
2313.76079915323
2313.76079915323
2313.76079915323
2313.76079915323
2313.76079915323
2313.76079915323
2313.76079915323
2313.76079915323
2313.76079915323
2313.76079915323
2313.76079915323
2313.76079915323
2313.76079915323
2313.76079915323
2313.76079915323
2313.76079915323
2313.76079915323
2313.76079915323
2313.76079915323
2313.76079915323
2313.76079915323
2313.76079915323
2313.76079915323
2313.76079915323
2313.76079915323
2313.76079915323
2313.76079915323
2313.76079915323
2313.76079915323
2313.76079915323
2313.76079915323
2313.76079915323
2313.76079915323
2313.76079915323
2313.76079915323
2313.76079915323
2313.76079915323
2313.76079915323
2313.76079915323
2313.76079915323
2313.76079915323
2313.76079915323
2313.76079915323
2313.76079915323
2313.76079915323
2313.76079915323
2313.76079915323
2313.24180770553
2313.24180770553
2313.24180770553
2313.24180770553
2313.24180770553
2313.24180770553
2313.24180770553
2313.24180770553
2313.24180770553
2313.24180770553
2313.24180770553
2313.24180770553
2313.24180770553
2313.24180770553
2313.24180770553
2313.24180770553
2313.24180770553
2313.24180770553
2313.24180770553
2313.24180770553
2313.24180770553
2313.24180770553
2313.24180770553
2313.24180770553
2313.24180770553
2313.24180770553
2313.24180770553
2313.24180770553
2313.24180770553
2313.24180770553
2313.24180770553
2313.24180770553
2313.24180770553
2313.24180770553
2313.24180770553
2313.24180770553
2313.24180770553
2313.24180770553
2313.24180770553
2313.24180770553
2313.24180770553
2313.24180770553
2313.24180770553
2313.24180770553
2313.24180770553
2313.24180770553
2313.24180770553
2313.24180770553
2313.24180770553
2313.24180770553
2313.24180770553
2313.24180770553
2313.24180770553
2313.24180770553
2313.24180770553
2313.24180770553
2313.24180770553
2313.24180770553
2313.24180770553
2313.24180770553
2313.24180770553
2313.24180770553
2313.24180770553
2313.24180770553
2313.24180770553
2313.24180770553
2313.24180770553
2313.24180770553
2313.24180770553
2313.24180770553
2313.24180770553
2313.24180770553
2313.24180770553
2313.24180770553
2313.24180770553
2313.24180770553
2313.24180770553
2313.24180770553
2313.24180770553
2313.24180770553
2313.24180770553
2313.24180770553
2313.24180770553
2313.24180770553
2313.24180770553
2313.24180770553
2313.24180770553
2313.24180770553
2313.24180770553
2313.24180770553
2313.24180770553
2313.24180770553
2313.24180770553
2313.24180770553
2313.24180770553
2313.24180770553
2313.24180770553
2313.24180770553
2313.24180770553
2313.24180770553
2313.24180770553
2313.24180770553
2313.24180770553
2313.24180770553
2313.24180770553
2313.24180770553
2313.24180770553
2313.24180770553
2313.24180770553
2313.24180770553
2313.24180770553
2313.24180770553
2313.24180770553
2313.24180770553
2313.24180770553
2313.24180770553
2313.24180770553
2313.24180770553
2313.24180770553
2313.24180770553
2313.24180770553
2313.24180770553
2313.24180770553
2313.24180770553
2313.24180770553
2313.24180770553
2313.24180770553
2313.24180770553
2313.24180770553
2313.24180770553
2313.24180770553
2313.24180770553
2313.24180770553
2313.24180770553
2313.24180770553
2313.24180770553
2313.24180770553
2313.24180770553
2313.24180770553
2313.24180770553
2313.24180770553
2313.24180770553
2313.24180770553
2313.24180770553
2313.24180770553
2313.24180770553
2313.24180770553
2313.24180770553
2313.24180770553
2313.24180770553
2313.24180770553
2313.24180770553
2313.24180770553
2313.24180770553
2313.24180770553
2313.24180770553
2313.24180770553
2313.24180770553
2313.24180770553
2313.24180770553
2313.24180770553
2313.24180770553
2313.24180770553
2313.24180770553
2313.24180770553
2313.24180770553
2313.24180770553
2313.24180770553
2313.24180770553
2313.24180770553
2313.24180770553
2313.24180770553
2313.24180770553
2313.24180770553
2313.24180770553
2313.24180770553
2313.24180770553
2313.24180770553
2313.24180770553
2313.24180770553
2313.24180770553
2313.24180770553
2313.24180770553
2313.24180770553
2313.24180770553
2313.24180770553
2313.24180770553
2313.24180770553
2313.24180770553
2313.24180770553
2313.24180770553
2313.24180770553
2313.24180770553
2313.24180770553
2313.24180770553
2313.24180770553
2313.24180770553
2313.24180770553
2313.24180770553
2313.24180770553
2313.24180770553
2313.24180770553
2313.24180770553
2313.24180770553
2313.24180770553
2313.24180770553
2313.24180770553
2313.24180770553
2313.24180770553
2313.24180770553
2313.24180770553
2313.24180770553
2313.24180770553
2313.24180770553
2313.24180770553
2313.24180770553
2313.24180770553
2313.24180770553
2313.24180770553
2313.24180770553
2313.24180770553
2313.24180770553
2313.24180770553
2313.24180770553
2313.24180770553
2313.24180770553
2313.24180770553
2313.24180770553
2313.24180770553
2313.24180770553
2313.24180770553
2313.24180770553
2313.24180770553
2313.24180770553
2313.24180770553
2313.24180770553
2313.24180770553
2313.24180770553
2313.24180770553
2313.24180770553
2313.24180770553
2313.24180770553
2313.24180770553
2313.24180770553
2313.24180770553
2313.24180770553
2313.24180770553
2313.24180770553
2313.24180770553
2313.24180770553
2313.24180770553
2313.24180770553
2313.24180770553
2313.24180770553
2313.24180770553
2313.24180770553
2313.24180770553
2313.24180770553
2313.24180770553
2313.24180770553
2313.24180770553
2313.24180770553
2313.24180770553
2313.24180770553
2313.24180770553
2313.24180770553
2313.24180770553
2313.24180770553
2313.24180770553
2313.24180770553
2313.24180770553
2313.24180770553
2313.24180770553
2313.24180770553
2313.24180770553
2313.24180770553
2313.24180770553
2313.24180770553
2313.24180770553
2313.24180770553
2313.24180770553
2313.24180770553
2313.24180770553
2313.24180770553
2313.24180770553
2313.24180770553
2313.24180770553
2313.24180770553
2313.24180770553
2313.24180770553
2313.24180770553
2313.24180770553
2313.24180770553
2313.24180770553
2313.24180770553
2313.24180770553
2313.24180770553
2313.24180770553
2313.24180770553
2313.24180770553
2313.24180770553
2313.24180770553
2313.24180770553
2313.24180770553
2313.24180770553
2313.24180770553
2313.24180770553
2313.24180770553
2313.24180770553
2313.24180770553
2313.24180770553
2313.24180770553
2313.24180770553
2313.24180770553
2313.24180770553
2313.24180770553
2313.24180770553
2313.24180770553
2313.24180770553
2313.24180770553
2313.24180770553
2313.24180770553
2313.24180770553
2313.24180770553
2313.24180770553
2313.24180770553
2313.24180770553
2313.24180770553
2313.24180770553
2313.24180770553
2313.24180770553
2313.24180770553
2313.24180770553
2313.24180770553
2313.24180770553
2313.24180770553
2313.24180770553
2313.24180770553
2313.24180770553
2313.24180770553
2313.24180770553
2313.24180770553
2313.24180770553
2313.24180770553
2313.24180770553
2313.24180770553
2313.24180770553
2313.24180770553
2313.24180770553
2313.24180770553
2313.24180770553
2313.24180770553
2313.24180770553
2313.24180770553
2313.24180770553
2313.24180770553
2313.24180770553
2313.24180770553
2313.24180770553
2313.24180770553
2313.24180770553
2313.24180770553
2313.24180770553
2313.24180770553
2313.24180770553
2313.24180770553
2313.24180770553
2313.24180770553
2313.24180770553
2313.24180770553
2313.24180770553
2313.24180770553
2313.24180770553
2313.24180770553
2313.24180770553
2313.24180770553
2313.24180770553
2313.24180770553
2313.24180770553
2313.24180770553
2313.24180770553
2313.24180770553
2313.24180770553
2313.24180770553
2313.24180770553
2313.24180770553
2313.24180770553
2313.24180770553
2313.24180770553
2313.24180770553
2313.24180770553
2313.24180770553
2313.24180770553
2313.24180770553
2313.24180770553
2313.24180770553
2313.24180770553
2313.24180770553
2313.24180770553
2313.24180770553
2313.24180770553
2313.24180770553
2313.24180770553
2313.24180770553
2313.24180770553
2313.24180770553
2313.24180770553
2313.24180770553
2313.24180770553
2313.24180770553
2313.24180770553
2313.24180770553
2313.24180770553
2313.24180770553
2313.24180770553
2313.24180770553
2313.24180770553
2313.24180770553
2313.24180770553
2313.24180770553
2313.24180770553
2313.24180770553
2313.24180770553
2313.24180770553
2313.24180770553
2313.24180770553
2313.24180770553
2313.24180770553
2313.24180770553
2313.24180770553
2313.24180770553
2313.24180770553
2313.24180770553
2313.24180770553
2313.24180770553
2313.24180770553
2313.24180770553
2313.24180770553
2313.24180770553
2313.24180770553
2313.24180770553
2313.24180770553
2313.24180770553
2313.24180770553
2313.24180770553
2313.24180770553
2313.24180770553
2313.24180770553
2313.24180770553
2313.24180770553
2313.24180770553
2313.24180770553
2313.24180770553
2313.24180770553
2313.24180770553
2313.24180770553
2313.24180770553
2313.24180770553
2313.24180770553
2313.24180770553
2313.24180770553
2313.24180770553
2313.24180770553
2313.24180770553
2313.24180770553
2313.24180770553
2313.24180770553
2313.24180770553
2313.24180770553
2313.24180770553
2313.24180770553
2313.24180770553
2313.24180770553
2313.24180770553
2313.24180770553
2313.24180770553
2313.24180770553
2313.24180770553
2313.24180770553
2313.24180770553
2313.24180770553
2313.24180770553
2313.24180770553
2313.24180770553
2313.24180770553
2313.24180770553
2313.24180770553
2313.24180770553
2313.24180770553
2313.24180770553
2313.24180770553
2313.24180770553
2313.24180770553
2313.24180770553
2313.24180770553
2313.24180770553
2313.24180770553
2313.24180770553
2313.24180770553
2313.24180770553
2313.24180770553
2313.24180770553
2313.24180770553
2313.24180770553
2313.24180770553
2313.24180770553
2313.24180770553
2313.24180770553
2313.24180770553
2313.24180770553
2313.24180770553
2313.24180770553
2313.24180770553
2313.24180770553
2313.24180770553
2313.24180770553
2313.24180770553
2313.24180770553
2313.24180770553
2313.24180770553
2313.24180770553
2313.24180770553
2313.24180770553
2313.24180770553
2313.24180770553
2313.24180770553
2313.24180770553
2313.24180770553
2313.24180770553
2313.24180770553
2313.24180770553
2313.24180770553
2313.24180770553
2313.24180770553
2313.24180770553
2313.24180770553
2313.24180770553
2313.24180770553
2313.24180770553
2313.24180770553
2313.24180770553
2313.24180770553
2313.24180770553
2313.24180770553
2313.24180770553
2313.24180770553
2313.24180770553
2313.24180770553
2313.24180770553
2313.24180770553
2313.24180770553
2313.24180770553
2313.24180770553
2313.24180770553
2313.24180770553
2313.24180770553
2313.24180770553
2313.24180770553
2313.24180770553
2313.24180770553
2313.24180770553
2313.24180770553
2313.24180770553
2313.24180770553
2313.24180770553
2313.24180770553
2313.24180770553
2313.24180770553
2313.24180770553
2313.24180770553
2313.24180770553
2313.24180770553
2313.24180770553
2313.24180770553
2313.24180770553
2313.24180770553
2313.24180770553
2313.24180770553
2313.24180770553
2313.24180770553
2313.24180770553
2313.24180770553
2313.24180770553
2313.24180770553
2313.24180770553
2313.24180770553
2313.24180770553
2313.24180770553
2313.24180770553
2313.24180770553
2313.24180770553
2313.24180770553
2313.24180770553
2313.24180770553
2313.24180770553
2313.24180770553
2313.24180770553
2313.24180770553
2313.24180770553
2313.24180770553
2313.24180770553
2313.24180770553
2313.24180770553
2313.24180770553
2313.24180770553
2313.24180770553
2313.24180770553
2313.24180770553
2313.24180770553
2313.24180770553
2313.24180770553
2313.24180770553
2313.24180770553
2313.24180770553
2313.24180770553
2313.24180770553
2313.24180770553
2313.24180770553
2313.24180770553
2313.24180770553
2313.24180770553
2313.24180770553
2313.24180770553
2313.24180770553
2313.24180770553
2313.24180770553
2313.24180770553
2313.24180770553
2313.24180770553
2313.24180770553
2313.24180770553
2313.24180770553
2313.24180770553
2313.24180770553
2313.24180770553
2313.24180770553
2313.24180770553
2313.24180770553
2313.24180770553
2313.24180770553
2313.24180770553
2313.24180770553
2313.24180770553
2313.24180770553
2313.24180770553
2313.24180770553
2313.24180770553
2313.24180770553
2313.24180770553
2313.24180770553
2313.24180770553
2313.24180770553
2313.24180770553
2313.24180770553
2313.24180770553
2313.24180770553
2313.24180770553
2313.24180770553
2313.24180770553
2313.24180770553
2313.24180770553
2313.24180770553
2313.24180770553
2313.24180770553
2313.24180770553
2313.24180770553
2313.24180770553
2313.24180770553
2313.24180770553
2313.24180770553
2313.24180770553
2313.24180770553
2313.24180770553
2313.24180770553
2313.24180770553
2313.24180770553
2313.24180770553
2313.24180770553
2313.24180770553
2313.24180770553
2313.24180770553
2313.24180770553
2313.24180770553
2313.24180770553
2313.24180770553
2313.24180770553
2313.24180770553
2313.24180770553
2313.24180770553
2313.24180770553
2313.24180770553
2313.24180770553
2313.24180770553
2313.24180770553
2313.24180770553
2313.24180770553
2313.24180770553
2313.24180770553
2313.24180770553
2313.24180770553
2313.24180770553
2313.24180770553
2313.24180770553
2313.24180770553
2313.24180770553
2313.24180770553
2313.24180770553
2313.24180770553
2313.24180770553
2313.24180770553
2313.24180770553
2313.24180770553
2313.24180770553
2313.24180770553
2313.24180770553
2313.24180770553
2313.24180770553
2313.24180770553
2313.24180770553
2313.24180770553
2313.24180770553
2313.24180770553
2313.24180770553
2313.24180770553
2313.24180770553
2313.24180770553
2313.24180770553
2313.24180770553
2313.24180770553
2313.24180770553
2313.24180770553
2313.24180770553
2313.24180770553
2313.24180770553
2313.24180770553
2313.24180770553
2313.24180770553
2313.24180770553
2313.24180770553
2313.24180770553
2313.24180770553
2313.24180770553
2313.24180770553
2313.24180770553
2313.24180770553
2313.24180770553
2313.24180770553
2313.24180770553
2313.24180770553
2313.24180770553
2313.24180770553
2313.24180770553
2313.24180770553
2313.24180770553
2313.24180770553
2313.24180770553
2313.24180770553
2313.24180770553
2313.24180770553
2313.24180770553
2313.24180770553
2313.24180770553
2313.24180770553
2313.24180770553
2313.24180770553
2313.24180770553
2313.24180770553
2313.24180770553
2313.24180770553
2313.24180770553
2313.24180770553
2313.24180770553
2313.24180770553
2313.24180770553
2313.24180770553
2313.24180770553
2313.24180770553
2313.24180770553
2313.24180770553
2313.24180770553
2313.24180770553
2313.24180770553
2313.24180770553
2313.24180770553
2313.24180770553
2313.24180770553
2313.24180770553
2313.24180770553
2313.24180770553
2313.24180770553
2313.24180770553
2313.24180770553
2313.24180770553
2313.24180770553
2313.24180770553
2313.24180770553
2313.24180770553
2313.24180770553
2313.24180770553
2313.24180770553
2313.24180770553
2313.24180770553
2313.24180770553
2313.24180770553
2313.24180770553
2313.24180770553
2313.24180770553
2313.24180770553
2313.24180770553
2313.24180770553
2313.24180770553
2313.24180770553
2313.24180770553
2313.24180770553
2313.24180770553
2313.24180770553
2313.24180770553
2313.24180770553
2313.24180770553
2313.24180770553
2313.24180770553
2313.24180770553
2313.24180770553
2313.24180770553
2313.24180770553
2313.24180770553
2313.24180770553
2313.24180770553
2313.24180770553
2313.24180770553
2313.24180770553
2313.24180770553
2313.24180770553
2313.24180770553
2313.24180770553
2313.24180770553
2313.24180770553
2313.24180770553
2313.24180770553
2313.24180770553
2313.24180770553
2313.24180770553
2313.24180770553
2313.24180770553
2313.24180770553
2313.24180770553
2313.24180770553
2313.24180770553
2313.24180770553
2313.24180770553
2313.24180770553
2313.24180770553
2313.24180770553
2313.24180770553
2313.24180770553
2313.24180770553
2313.24180770553
2313.24180770553
2313.24180770553
2313.24180770553
2313.24180770553
2313.24180770553
2313.24180770553
2313.24180770553
2313.24180770553
2313.24180770553
2313.24180770553
2313.24180770553
2313.24180770553
2313.24180770553
2313.24180770553
2313.24180770553
2313.24180770553
2313.24180770553
2313.24180770553
2313.24180770553
2313.24180770553
2313.24180770553
2313.24180770553
2313.24180770553
2313.24180770553
2313.24180770553
2313.24180770553
2313.24180770553
2313.24180770553
2313.24180770553
2313.24180770553
2313.24180770553
2313.24180770553
2313.24180770553
2313.24180770553
2313.24180770553
2313.24180770553
2313.24180770553
2313.24180770553
2313.24180770553
2313.24180770553
2313.24180770553
2313.24180770553
2313.24180770553
2313.24180770553
2313.24180770553
2313.24180770553
2313.24180770553
2313.24180770553
2313.24180770553
2313.24180770553
2313.24180770553
2313.24180770553
2313.24180770553
2313.24180770553
2313.24180770553
2313.24180770553
2313.24180770553
2313.24180770553
2313.24180770553
2313.24180770553
2313.24180770553
2313.24180770553
2313.24180770553
2313.24180770553
2313.24180770553
2313.24180770553
2313.24180770553
2313.24180770553
2313.24180770553
2313.24180770553
2313.24180770553
2313.24180770553
2313.24180770553
2313.24180770553
2313.24180770553
2313.24180770553
2313.24180770553
2313.24180770553
2313.24180770553
2313.24180770553
2313.24180770553
2313.24180770553
2313.24180770553
2313.24180770553
2313.24180770553
2313.24180770553
2313.24180770553
2313.24180770553
2313.24180770553
2313.24180770553
2313.24180770553
2313.24180770553
2313.24180770553
2313.24180770553
2313.24180770553
2313.24180770553
2313.24180770553
2313.24180770553
2313.24180770553
2313.24180770553
2313.24180770553
2313.24180770553
2313.24180770553
2313.24180770553
2313.24180770553
2313.24180770553
2313.24180770553
2313.24180770553
2313.24180770553
2313.24180770553
2313.24180770553
2313.24180770553
2313.24180770553
2313.24180770553
2313.24180770553
2313.24180770553
2313.24180770553
2313.24180770553
2313.24180770553
2313.24180770553
2313.24180770553
2313.24180770553
2313.24180770553
2313.24180770553
2313.24180770553
2313.24180770553
2313.24180770553
2313.24180770553
2313.24180770553
2313.24180770553
2313.24180770553
2313.24180770553
2313.24180770553
2313.24180770553
2313.24180770553
2313.24180770553
2313.24180770553
2313.24180770553
2313.24180770553
2313.24180770553
2313.24180770553
2313.24180770553
2313.24180770553
2313.24180770553
2313.24180770553
2313.24180770553
2313.24180770553
2313.24180770553
2313.24180770553
2313.24180770553
2313.24180770553
2313.24180770553
2313.24180770553
2313.24180770553
2313.24180770553
2313.24180770553
2313.24180770553
2313.24180770553
2313.24180770553
2313.24180770553
2313.24180770553
2313.24180770553
2313.24180770553
2313.24180770553
2313.24180770553
2313.24180770553
2313.24180770553
2313.24180770553
2313.24180770553
2313.24180770553
2313.24180770553
2313.24180770553
2313.24180770553
2313.24180770553
2313.24180770553
2313.24180770553
2313.24180770553
2313.24180770553
2313.24180770553
2313.24180770553
2313.24180770553
2313.24180770553
2313.24180770553
2313.24180770553
2313.24180770553
2313.24180770553
2313.24180770553
2313.24180770553
2313.24180770553
2313.24180770553
2313.24180770553
2313.24180770553
2313.24180770553
2313.24180770553
2313.24180770553
2313.24180770553
2313.24180770553
2313.24180770553
2313.24180770553
2313.24180770553
2313.24180770553
2313.24180770553
2313.24180770553
2313.24180770553
2313.24180770553
2313.24180770553
2313.24180770553
2313.24180770553
2313.24180770553
2313.24180770553
2313.24180770553
2313.24180770553
2313.24180770553
2313.24180770553
2313.24180770553
2313.24180770553
2313.24180770553
2313.24180770553
2313.24180770553
2313.24180770553
2313.24180770553
2313.24180770553
2313.24180770553
2313.24180770553
2313.24180770553
2313.24180770553
2313.24180770553
2313.24180770553
2313.24180770553
2313.24180770553
2313.24180770553
2313.24180770553
2313.24180770553
2313.24180770553
2313.24180770553
2313.24180770553
2313.24180770553
2313.24180770553
2313.24180770553
2313.24180770553
2313.24180770553
2313.24180770553
2313.24180770553
2313.24180770553
2313.24180770553
2313.24180770553
2313.24180770553
2313.24180770553
2313.24180770553
2313.24180770553
2313.24180770553
2313.24180770553
2313.24180770553
2313.24180770553
2313.24180770553
2313.24180770553
2313.24180770553
2313.24180770553
2313.24180770553
2313.24180770553
2313.24180770553
2313.24180770553
2313.24180770553
2313.24180770553
2313.24180770553
2313.24180770553
2313.24180770553
2313.24180770553
2313.24180770553
2313.24180770553
2313.24180770553
2313.24180770553
2313.24180770553
2313.24180770553
2313.24180770553
2313.24180770553
2313.24180770553
2313.24180770553
2313.24180770553
2313.24180770553
2313.24180770553
2313.24180770553
2313.24180770553
2313.24180770553
2313.24180770553
2313.24180770553
2313.24180770553
2313.24180770553
2313.24180770553
2313.24180770553
2313.24180770553
2313.24180770553
2313.24180770553
2313.24180770553
2313.24180770553
2313.24180770553
2313.24180770553
2313.24180770553
2313.24180770553
2313.24180770553
2313.24180770553
2313.24180770553
2313.24180770553
2313.24180770553
2313.24180770553
2313.24180770553
2313.24180770553
2313.24180770553
2313.24180770553
2313.24180770553
2313.24180770553
2313.24180770553
2313.24180770553
2313.24180770553
2313.24180770553
2313.24180770553
2313.24180770553
2313.24180770553
2313.24180770553
2313.24180770553
2313.24180770553
2313.24180770553
2313.24180770553
2313.24180770553
2313.24180770553
2313.24180770553
2313.24180770553
2313.24180770553
2313.24180770553
2313.24180770553
2313.24180770553
2313.24180770553
2313.24180770553
2313.24180770553
2313.24180770553
2313.24180770553
2313.24180770553
2313.24180770553
2313.24180770553
2313.24180770553
2313.24180770553
2313.24180770553
2313.24180770553
2313.24180770553
2313.24180770553
2313.24180770553
2313.24180770553
2313.24180770553
2313.24180770553
2313.24180770553
2313.24180770553
2313.24180770553
2313.24180770553
2313.24180770553
2313.24180770553
2313.24180770553
2313.24180770553
2313.24180770553
2313.24180770553
2313.24180770553
2313.24180770553
2313.24180770553
2313.24180770553
2313.24180770553
2313.24180770553
2313.24180770553
2313.24180770553
2313.24180770553
2313.24180770553
2313.24180770553
2313.24180770553
2313.24180770553
2313.24180770553
2313.24180770553
2313.24180770553
2313.24180770553
2313.24180770553
2313.24180770553
2313.24180770553
2313.24180770553
2313.24180770553
2313.24180770553
2313.24180770553
2313.24180770553
2313.24180770553
2313.24180770553
2313.24180770553
2313.24180770553
2313.24180770553
2313.24180770553
2313.24180770553
2313.24180770553
2313.24180770553
2313.24180770553
2313.24180770553
2313.24180770553
2313.24180770553
2313.24180770553
2313.24180770553
2313.24180770553
2313.24180770553
2313.24180770553
2313.24180770553
2313.24180770553
2313.24180770553
2313.24180770553
2313.24180770553
2313.24180770553
2313.24180770553
2313.24180770553
2313.24180770553
2313.24180770553
2313.24180770553
2313.24180770553
2313.24180770553
2313.24180770553
2313.24180770553
2313.24180770553
2313.24180770553
2313.24180770553
2313.24180770553
2313.24180770553
2313.24180770553
2313.24180770553
2313.24180770553
2313.24180770553
2313.24180770553
2313.24180770553
2313.24180770553
2313.24180770553
2313.24180770553
2313.24180770553
2313.24180770553
2313.24180770553
2313.24180770553
2313.24180770553
2313.24180770553
2313.24180770553
2313.24180770553
2313.24180770553
2313.24180770553
2313.24180770553
2313.24180770553
2313.24180770553
2313.24180770553
2313.24180770553
2313.24180770553
2313.24180770553
2313.24180770553
2313.24180770553
2313.24180770553
2313.24180770553
2313.24180770553
2313.24180770553
2313.24180770553
2313.24180770553
2313.24180770553
2313.24180770553
2313.24180770553
2313.24180770553
2313.24180770553
2313.24180770553
2313.24180770553
2313.24180770553
2313.24180770553
2313.24180770553
2313.24180770553
2313.24180770553
2313.24180770553
2313.24180770553
2313.24180770553
2313.24180770553
2313.24180770553
2313.24180770553
2313.24180770553
2313.24180770553
2313.24180770553
2313.24180770553
2313.24180770553
2313.24180770553
2313.24180770553
2313.24180770553
2313.24180770553
2313.24180770553
2313.24180770553
2313.24180770553
2313.24180770553
2313.24180770553
2313.24180770553
2313.24180770553
2313.24180770553
2313.24180770553
2313.24180770553
2313.24180770553
2313.24180770553
2313.24180770553
2313.24180770553
2313.24180770553
2313.24180770553
2313.24180770553
2313.24180770553
2313.24180770553
2313.24180770553
2313.24180770553
2313.24180770553
2313.24180770553
2313.24180770553
2313.24180770553
2313.24180770553
2313.24180770553
2313.24180770553
2313.24180770553
2313.24180770553
2313.24180770553
2313.24180770553
2313.24180770553
2313.24180770553
2313.24180770553
2313.24180770553
2313.24180770553
2313.24180770553
2313.24180770553
2313.24180770553
2313.24180770553
2313.24180770553
2313.24180770553
2313.24180770553
2313.24180770553
2313.24180770553
2313.24180770553
2313.24180770553
2313.24180770553
2313.24180770553
2313.24180770553
2313.24180770553
2313.24180770553
2313.24180770553
2313.24180770553
2313.24180770553
2313.24180770553
2313.24180770553
2313.24180770553
2313.24180770553
2313.24180770553
2313.24180770553
2313.24180770553
2313.24180770553
2313.24180770553
2313.24180770553
2313.24180770553
2313.24180770553
2313.24180770553
2313.24180770553
2313.24180770553
2313.24180770553
2313.24180770553
2313.24180770553
2313.24180770553
2313.24180770553
2313.24180770553
2313.24180770553
2313.24180770553
2313.24180770553
2313.24180770553
2313.24180770553
2313.24180770553
2313.24180770553
2313.24180770553
2313.24180770553
2313.24180770553
2313.24180770553
2313.24180770553
2313.24180770553
2313.24180770553
2313.24180770553
2313.24180770553
2313.24180770553
2313.24180770553
2313.24180770553
2313.24180770553
2313.24180770553
2313.24180770553
2313.24180770553
2313.24180770553
2313.24180770553
2313.24180770553
2313.24180770553
2313.24180770553
2313.24180770553
2313.24180770553
2313.24180770553
2313.24180770553
2313.24180770553
2313.24180770553
2313.24180770553
2313.24180770553
2313.24180770553
2313.24180770553
2313.24180770553
2313.24180770553
2313.24180770553
2313.24180770553
2313.24180770553
2313.24180770553
2313.24180770553
2313.24180770553
2313.24180770553
2313.24180770553
2313.24180770553
2313.24180770553
2313.24180770553
2313.24180770553
2313.24180770553
2313.24180770553
2313.24180770553
2313.24180770553
2313.24180770553
2313.24180770553
2313.24180770553
2313.24180770553
2313.24180770553
2313.24180770553
2313.24180770553
2313.24180770553
2313.24180770553
2313.24180770553
2313.24180770553
2313.24180770553
2313.24180770553
2313.24180770553
2313.24180770553
2313.24180770553
2313.24180770553
2313.24180770553
2313.24180770553
2313.24180770553
2313.24180770553
2313.24180770553
2313.24180770553
2313.24180770553
2313.24180770553
2313.24180770553
2313.24180770553
2313.24180770553
2313.24180770553
2313.24180770553
2313.24180770553
2313.24180770553
2313.24180770553
2313.24180770553
2313.24180770553
2313.24180770553
2313.24180770553
2313.24180770553
2313.24180770553
2313.24180770553
2313.24180770553
2313.24180770553
2313.24180770553
2313.24180770553
2313.24180770553
2313.24180770553
2313.24180770553
2313.24180770553
2313.24180770553
2313.24180770553
2313.24180770553
2313.24180770553
2313.24180770553
2313.24180770553
2313.24180770553
2313.24180770553
2313.24180770553
2313.24180770553
2313.24180770553
2313.24180770553
2313.24180770553
2313.24180770553
2313.24180770553
2313.24180770553
2313.24180770553
2313.24180770553
2313.24180770553
2313.24180770553
2313.24180770553
2313.24180770553
2313.24180770553
2313.24180770553
2313.24180770553
2313.24180770553
2313.24180770553
2313.24180770553
2313.24180770553
2313.24180770553
2313.24180770553
2313.24180770553
2313.24180770553
2313.24180770553
2313.24180770553
2313.24180770553
2313.24180770553
2313.24180770553
2313.24180770553
2313.24180770553
2313.24180770553
2313.24180770553
2313.24180770553
2313.24180770553
2313.24180770553
2313.24180770553
2313.24180770553
2313.24180770553
2313.24180770553
2313.24180770553
2313.24180770553
2313.24180770553
2313.24180770553
2313.24180770553
2313.24180770553
2313.24180770553
2313.24180770553
2313.24180770553
2313.24180770553
2313.24180770553
2313.24180770553
2313.24180770553
2313.24180770553
2313.24180770553
2313.24180770553
2313.24180770553
2313.24180770553
2313.24180770553
2313.24180770553
2313.24180770553
2313.24180770553
2313.24180770553
2313.24180770553
2313.24180770553
2313.24180770553
2313.24180770553
2313.24180770553
2313.24180770553
2313.24180770553
2313.24180770553
2313.24180770553
2313.24180770553
2313.24180770553
2313.24180770553
2313.24180770553
2313.24180770553
2313.24180770553
2313.24180770553
2313.24180770553
2313.24180770553
2313.24180770553
2313.24180770553
2313.24180770553
2313.24180770553
2313.24180770553
2313.24180770553
2313.24180770553
2313.24180770553
2313.24180770553
2313.24180770553
2313.24180770553
2313.24180770553
2313.24180770553
2313.24180770553
2313.24180770553
2313.24180770553
2313.24180770553
2313.24180770553
2313.24180770553
2313.24180770553
2313.24180770553
2313.24180770553
2313.24180770553
2313.24180770553
2313.24180770553
2313.24180770553
2313.24180770553
2313.24180770553
2313.24180770553
2313.24180770553
2313.24180770553
2313.24180770553
2313.24180770553
2313.24180770553
2313.24180770553
2313.24180770553
2313.24180770553
2313.24180770553
2313.24180770553
2313.24180770553
2313.24180770553
2313.24180770553
2313.24180770553
2313.24180770553
2313.24180770553
2313.24180770553
2313.24180770553
2313.24180770553
2313.24180770553
2313.24180770553
2313.24180770553
2313.24180770553
2313.24180770553
2313.24180770553
2313.24180770553
2313.24180770553
2313.24180770553
2313.24180770553
2313.24180770553
2313.24180770553
2313.24180770553
2313.24180770553
2313.24180770553
2313.24180770553
2313.24180770553
2313.24180770553
2313.24180770553
2313.24180770553
2313.24180770553
2313.24180770553
2313.24180770553
2313.22885266857
2313.22885266857
2313.22885266857
2313.22885266857
2313.22885266857
2313.22885266857
2313.22885266857
2313.22885266857
2313.22885266857
2313.22885266857
2313.22885266857
2313.22885266857
2313.22885266857
2313.22885266857
2313.22885266857
2313.22885266857
2313.22885266857
2313.22885266857
2313.22885266857
2313.22885266857
2313.22885266857
2313.22885266857
2313.22885266857
2313.22885266857
2313.22885266857
2313.22885266857
2313.22885266857
2313.22885266857
2313.22885266857
2313.22885266857
2313.22885266857
2313.22885266857
2313.22885266857
2313.22885266857
2313.22885266857
2313.22885266857
2313.22885266857
2313.22885266857
2313.22885266857
2313.22885266857
2313.22885266857
2313.22885266857
2313.22885266857
2313.22885266857
2313.22885266857
2313.22885266857
2313.22885266857
2313.22885266857
2313.22885266857
2313.22885266857
2313.22885266857
2313.22885266857
2313.22885266857
2313.22885266857
2313.22885266857
2313.22885266857
2313.22885266857
2313.22885266857
2313.22885266857
2313.22885266857
2313.22885266857
2313.22885266857
2313.22885266857
2313.22885266857
2313.22885266857
2313.22885266857
2313.22885266857
2313.22885266857
2313.22885266857
2313.22885266857
2313.22885266857
2313.22885266857
2313.22885266857
2313.22885266857
2313.22885266857
2313.22885266857
2313.22885266857
2313.22885266857
2313.22885266857
2313.22885266857
2313.22885266857
2313.22885266857
2313.22885266857
2313.22885266857
2313.22885266857
2313.22885266857
2313.22885266857
2313.22885266857
2313.22885266857
2313.22885266857
2313.22885266857
2313.22885266857
2313.22885266857
2313.22885266857
2313.22885266857
2313.22885266857
2313.22885266857
2313.22885266857
2313.22885266857
2313.22885266857
2313.22885266857
2313.22885266857
2313.22885266857
2313.22885266857
2313.22885266857
2313.22885266857
2313.22885266857
2313.22885266857
2313.22885266857
2313.22885266857
2313.22885266857
2313.22885266857
2313.22885266857
2313.22885266857
2313.22885266857
2313.22885266857
2313.22885266857
2313.22885266857
2313.22885266857
2313.22885266857
2313.22885266857
2313.22885266857
2313.22885266857
2313.22885266857
2313.22885266857
2313.22885266857
2313.22885266857
2313.22885266857
2313.22885266857
2313.22885266857
2313.22885266857
2313.22885266857
2313.22885266857
2313.22885266857
2313.22885266857
2313.22885266857
2313.22885266857
2313.22885266857
2313.22885266857
2313.22885266857
2313.22885266857
2313.22885266857
2313.22885266857
2313.22885266857
2313.22885266857
2313.22885266857
2313.22885266857
2313.22885266857
2313.22885266857
2313.22885266857
2313.22885266857
2313.22885266857
2313.22885266857
2313.22885266857
2313.22885266857
2313.22885266857
2313.22885266857
2313.22885266857
2313.22885266857
2313.22885266857
2313.22885266857
2313.22885266857
2313.22885266857
2313.22885266857
2313.22885266857
2313.22885266857
2313.22885266857
2313.22885266857
2313.22885266857
2313.22885266857
2313.22885266857
2313.22885266857
2313.22885266857
2313.22885266857
2313.22885266857
2313.22885266857
2313.22885266857
2313.22885266857
2313.22885266857
2313.22885266857
2313.22885266857
2313.22885266857
2313.22885266857
2313.22885266857
2313.22885266857
2313.22885266857
2313.22885266857
2313.22885266857
2313.22885266857
2313.22885266857
2313.22885266857
2313.22885266857
2313.22885266857
2313.22885266857
2313.22885266857
2313.22885266857
2313.22885266857
2313.22885266857
2313.22885266857
2313.22885266857
2313.22885266857
2313.22885266857
2313.22885266857
2313.22885266857
2313.22885266857
2313.22885266857
2313.22885266857
2313.22885266857
2313.22885266857
2313.22885266857
2313.22885266857
2313.22885266857
2313.22885266857
2313.22885266857
2313.22885266857
2313.22885266857
2313.22885266857
2313.22885266857
2313.22885266857
2313.22885266857
2313.22885266857
2313.22885266857
2313.22885266857
2313.22885266857
2313.22885266857
2313.22885266857
2313.22885266857
2313.22885266857
2313.22885266857
2313.22885266857
2313.22885266857
2313.22885266857
2313.22885266857
2313.22885266857
2313.22885266857
2313.22885266857
2313.22885266857
2313.22885266857
2313.22885266857
2313.22885266857
2313.22885266857
2313.22885266857
2313.22885266857
2313.22885266857
2313.22885266857
2313.22885266857
2313.22885266857
2313.22885266857
2313.22885266857
2313.22885266857
2313.22885266857
2313.22885266857
2313.22885266857
2313.22885266857
2313.22885266857
2313.22885266857
2313.22885266857
2313.22885266857
2313.22885266857
2313.22885266857
2313.22885266857
2313.22885266857
2313.22885266857
2313.22885266857
2313.22885266857
2313.22885266857
2313.22885266857
2313.22885266857
2313.22885266857
2313.22885266857
2313.22885266857
2313.22885266857
2313.22885266857
2313.22885266857
2313.22885266857
2313.22885266857
2313.22885266857
2313.22885266857
2313.22885266857
2313.22885266857
2313.22885266857
2313.22885266857
2313.22885266857
2313.22885266857
2313.22885266857
2313.22885266857
2313.22885266857
2313.22885266857
2313.22885266857
2313.22885266857
2313.22885266857
2313.22885266857
2313.22885266857
2313.22885266857
2313.22885266857
2313.22885266857
2313.22885266857
2313.22885266857
2313.22885266857
2313.22885266857
2313.22885266857
2313.22885266857
2313.22885266857
2313.22885266857
2313.22885266857
2313.22885266857
2313.22885266857
2313.22885266857
2313.22885266857
2313.22885266857
2313.22885266857
2313.22885266857
2313.22885266857
2313.22885266857
2313.22885266857
2313.22885266857
2313.22885266857
2313.22885266857
2313.22885266857
2313.22885266857
2313.22885266857
2313.22885266857
2313.22885266857
2313.22885266857
2313.22885266857
2313.22885266857
2313.22885266857
2313.22885266857
2313.22885266857
2313.22885266857
2313.22885266857
2313.22885266857
2313.22885266857
2313.22885266857
2313.22885266857
2313.22885266857
2313.22885266857
2313.22885266857
2313.22885266857
2313.22885266857
2313.22885266857
2313.22885266857
2313.22885266857
2313.22885266857
2313.22885266857
2313.22885266857
2313.22885266857
2313.22885266857
2313.22885266857
2313.22885266857
2313.22885266857
2313.22885266857
2313.22885266857
2313.22885266857
2313.22885266857
2313.22885266857
2313.22885266857
2313.22885266857
2313.22885266857
2313.22885266857
2313.22885266857
2313.22885266857
2313.22885266857
2313.22885266857
2313.22885266857
2313.22885266857
2313.22885266857
2313.22885266857
2313.22885266857
2313.22885266857
2313.22885266857
2313.22885266857
2313.22885266857
2313.22885266857
2313.22885266857
2313.22885266857
2313.22885266857
2313.22885266857
2313.22885266857
2313.22885266857
2313.22885266857
2313.22885266857
2313.22885266857
2313.22885266857
2313.22885266857
2313.22885266857
2313.22885266857
2313.22885266857
2313.22885266857
2313.22885266857
2313.22885266857
2313.22885266857
2313.22885266857
2313.22885266857
2313.22885266857
2313.22885266857
2313.22885266857
2313.22885266857
2313.22885266857
2313.22885266857
2313.22885266857
2313.22885266857
2313.22885266857
2313.22885266857
2313.22885266857
2313.22885266857
2313.22885266857
2313.22885266857
2313.22885266857
2313.22885266857
2313.22885266857
2313.22885266857
2313.22885266857
2313.22885266857
2313.22885266857
2313.22885266857
2313.22885266857
2313.22885266857
2313.22885266857
2313.22885266857
2313.22885266857
2313.22885266857
2313.22885266857
2313.22885266857
2313.22885266857
2313.22885266857
2313.22885266857
2313.22885266857
2313.22885266857
2313.22885266857
2313.22885266857
2313.22885266857
2313.22885266857
2313.22885266857
2313.22885266857
2313.22885266857
2313.22885266857
2313.22885266857
2313.22885266857
2313.22885266857
2313.22885266857
2313.22885266857
2313.22885266857
2313.22885266857
2313.22885266857
2313.22885266857
2313.22885266857
2313.22885266857
2313.22885266857
2313.22885266857
2313.22885266857
2313.22885266857
2313.22885266857
2313.22885266857
2313.22885266857
2313.22885266857
2313.22885266857
2313.22885266857
2313.22885266857
2313.22885266857
2313.22885266857
2313.22885266857
2313.22885266857
2313.22885266857
2313.22885266857
2313.22885266857
2313.22885266857
2313.22885266857
2313.22885266857
2313.22885266857
2313.22885266857
2313.22885266857
2313.22885266857
2313.22885266857
2313.22885266857
2313.22885266857
2313.22885266857
2313.22885266857
2313.22885266857
2313.22885266857
2313.22885266857
2313.22885266857
2313.22885266857
2313.22885266857
2313.22885266857
2313.22885266857
2313.22885266857
2313.22885266857
2313.22885266857
2313.22885266857
2313.22885266857
2313.22885266857
2313.22885266857
2313.22885266857
2313.22885266857
2313.22885266857
2313.22885266857
2313.22885266857
2313.22885266857
2313.22885266857
2313.22885266857
2313.22885266857
2313.22885266857
2313.22885266857
2313.22885266857
2313.22885266857
2313.22885266857
2313.22885266857
2313.22885266857
2313.22885266857
2313.22885266857
2313.22885266857
2313.22885266857
2313.22885266857
2313.22885266857
2313.22885266857
2313.22885266857
2313.22885266857
2313.22885266857
2313.22885266857
2313.22885266857
2313.22885266857
2313.22885266857
2313.22885266857
2313.22885266857
2313.22885266857
2313.22885266857
2313.22885266857
2313.22885266857
2313.22885266857
2313.22885266857
2313.22885266857
2313.22885266857
2313.22885266857
2313.22885266857
2313.22885266857
2313.22885266857
2313.22885266857
2313.22885266857
2313.22885266857
2313.22885266857
2313.22885266857
2313.22885266857
2313.22885266857
2313.22885266857
2313.22885266857
2313.22885266857
2313.22885266857
2313.22885266857
2313.22885266857
2313.22885266857
2313.22885266857
2313.22885266857
2313.22885266857
2313.22885266857
2313.22885266857
2313.22885266857
2313.22885266857
2313.22885266857
2313.22885266857
2313.22885266857
2313.22885266857
2313.22885266857
2313.22885266857
2313.22885266857
2313.22885266857
2313.22885266857
2313.22885266857
2313.22885266857
2313.22885266857
2313.22885266857
2313.22885266857
2313.22885266857
2313.22885266857
2313.22885266857
2313.22885266857
2313.22885266857
2313.22885266857
2313.22885266857
2313.22885266857
2313.22885266857
2313.22885266857
2313.22885266857
2313.22885266857
2313.22885266857
2313.22885266857
2313.22885266857
2313.22885266857
2313.22885266857
2313.22885266857
2313.22885266857
2313.22885266857
2313.22885266857
2313.22885266857
2313.22885266857
2313.22885266857
2313.22885266857
2313.22885266857
2313.22885266857
2313.22885266857
2313.22885266857
2313.22885266857
2313.22885266857
2313.22885266857
2313.22885266857
2313.22885266857
2313.22885266857
2313.22885266857
2313.22885266857
2313.22885266857
2313.22885266857
2313.22885266857
2313.22885266857
2313.22885266857
2313.22885266857
2313.22885266857
2313.22885266857
2313.22885266857
2313.22885266857
2313.22885266857
2313.22885266857
2313.22885266857
2313.22885266857
2313.22885266857
2313.22885266857
2313.22885266857
2313.22885266857
2313.22885266857
2313.22885266857
2313.22885266857
2313.22885266857
2313.22885266857
2313.22885266857
2313.22885266857
2313.22885266857
2313.22885266857
2313.22885266857
2313.22885266857
2313.22885266857
2313.22885266857
2313.22885266857
2313.22885266857
2313.22885266857
2313.22885266857
2313.22885266857
2313.22885266857
2313.22885266857
2313.22885266857
2313.22885266857
2313.22885266857
2313.22885266857
2313.22885266857
2313.22885266857
2313.22885266857
2313.22885266857
2313.22885266857
2313.22885266857
2313.22885266857
2313.22885266857
2313.22885266857
2313.22885266857
2313.22885266857
2313.22885266857
2313.22885266857
2313.22885266857
2313.22885266857
2313.22885266857
2313.22885266857
2313.22885266857
2313.22885266857
2313.22885266857
2313.22885266857
2313.22885266857
2313.22885266857
2313.22885266857
2313.22885266857
2313.22885266857
2313.22885266857
2313.22885266857
2313.22885266857
2313.22885266857
2313.22885266857
2313.22885266857
2313.22885266857
2313.22885266857
2313.22885266857
2313.22885266857
2313.22885266857
2313.22885266857
2313.22885266857
2313.22885266857
2313.22885266857
2313.22885266857
2313.22885266857
2313.22885266857
2313.22885266857
2313.22885266857
2313.22885266857
2313.22885266857
2313.22885266857
2313.22885266857
2313.22885266857
2313.22885266857
2313.22885266857
2313.22885266857
2313.22885266857
2313.22885266857
2313.22885266857
2313.22885266857
2313.22885266857
2313.22885266857
2313.22885266857
2313.22885266857
2313.22885266857
2313.22885266857
2313.22885266857
2313.22885266857
2313.22885266857
2313.22885266857
2313.22885266857
2313.22885266857
2313.22885266857
2313.22885266857
2313.22885266857
2313.22885266857
2313.22885266857
2313.22885266857
2313.22885266857
2313.22885266857
2313.22885266857
2313.22885266857
2313.22885266857
2313.22885266857
2313.22885266857
2313.22885266857
2313.22885266857
2313.22885266857
2313.22885266857
2313.22885266857
2313.22885266857
2313.22885266857
2313.22885266857
2313.22885266857
2313.22885266857
2313.22885266857
2313.22885266857
2313.22885266857
2313.22885266857
2313.22885266857
2313.22885266857
2313.22885266857
2313.22885266857
2313.22885266857
2313.22885266857
2313.22885266857
2313.22885266857
2313.22885266857
2313.22885266857
2313.22885266857
2313.22885266857
2313.22885266857
2313.22885266857
2313.22885266857
2313.22885266857
2313.22885266857
2313.22885266857
2313.22885266857
2313.22885266857
2313.22885266857
2313.22885266857
2313.22885266857
2313.22885266857
2313.22885266857
2313.22885266857
2313.22885266857
2313.22885266857
2313.22885266857
2313.22885266857
2313.22885266857
2313.22885266857
2313.22885266857
2313.22885266857
2313.22885266857
2313.22885266857
2313.22885266857
2313.22885266857
2313.22885266857
2313.22885266857
2313.22885266857
2313.22885266857
2313.22885266857
2313.22885266857
2313.22885266857
2313.22885266857
2313.22885266857
2313.22885266857
2313.22885266857
2313.22885266857
2313.22885266857
2313.22885266857
2313.22885266857
2313.22885266857
2313.22885266857
2313.22885266857
2313.22885266857
2313.22885266857
2313.22885266857
2313.22885266857
2313.22885266857
2313.22885266857
2313.22885266857
2313.22885266857
2313.22885266857
2313.22885266857
2313.22885266857
2313.22885266857
2313.22885266857
2313.22885266857
2313.22885266857
2313.22885266857
2313.22885266857
2313.22885266857
2313.22885266857
2313.22885266857
2313.22885266857
2313.22885266857
2313.22885266857
2313.22885266857
2313.22885266857
2313.22885266857
2313.22885266857
2313.22885266857
2313.22885266857
2313.22885266857
2313.22885266857
2313.22885266857
2313.22885266857
2313.22885266857
2313.22885266857
2313.22885266857
2313.22885266857
2313.22885266857
2313.22885266857
2313.22885266857
2313.22885266857
2313.22885266857
2313.22885266857
2313.22885266857
2313.22885266857
2313.22885266857
2313.22885266857
2313.22885266857
2313.22885266857
2313.22885266857
2313.22885266857
2313.22885266857
2313.22885266857
2313.22885266857
2313.22885266857
2313.22885266857
2313.22885266857
2313.22885266857
2313.22885266857
2313.22885266857
2313.22885266857
2313.22885266857
2313.22885266857
2313.22885266857
2313.22885266857
2313.22885266857
2313.22885266857
2313.22885266857
2313.22885266857
2313.22885266857
2313.22885266857
2313.22885266857
2313.22885266857
2313.22885266857
2313.22885266857
2313.22885266857
2313.22885266857
2313.22885266857
2313.22885266857
2313.22885266857
2313.22885266857
2313.22885266857
2313.22885266857
2313.22885266857
2313.22885266857
2313.22885266857
2313.22885266857
2313.22885266857
2313.22885266857
2313.22885266857
2313.22885266857
2313.22885266857
2313.22885266857
2313.22885266857
2313.22885266857
2313.22885266857
2313.22885266857
2313.22885266857
2313.22885266857
2313.22885266857
2313.22885266857
2313.22885266857
2313.22885266857
2313.22885266857
2313.22885266857
2313.22885266857
2313.22885266857
2313.22885266857
2313.22885266857
2313.22885266857
2313.22885266857
2313.22885266857
2313.22885266857
2313.22885266857
2313.22885266857
2313.22885266857
2313.22885266857
2313.22885266857
2313.22885266857
2313.22885266857
2313.22885266857
2313.22885266857
2313.22885266857
2313.22885266857
2313.22885266857
2313.22885266857
2313.22885266857
2313.22885266857
2313.22885266857
2313.22885266857
2313.22885266857
2313.22885266857
2313.22885266857
2313.22885266857
2313.22885266857
2313.22885266857
2313.22885266857
2313.22885266857
2313.22885266857
2313.22885266857
2313.22885266857
2313.22885266857
2313.22885266857
2313.22885266857
2313.22885266857
2313.22885266857
2313.22885266857
2313.22885266857
2313.22885266857
2313.22885266857
2313.22885266857
2313.22885266857
2313.22885266857
2313.22885266857
2313.22885266857
2313.22885266857
2313.22885266857
2313.22885266857
2313.22885266857
2313.22885266857
2313.22885266857
2313.22885266857
2313.22885266857
2313.22885266857
2313.22885266857
2313.22885266857
2313.22885266857
2313.22885266857
2313.22885266857
2313.22885266857
2313.22885266857
2313.22885266857
2313.22885266857
2313.22885266857
2313.22885266857
2313.22885266857
2313.22885266857
2313.22885266857
2313.22885266857
2313.22885266857
2313.22885266857
2313.22885266857
2313.22885266857
2313.22885266857
2313.22885266857
2313.22885266857
2313.22885266857
2313.22885266857
2313.22885266857
2313.22885266857
2313.22885266857
2313.22885266857
2313.22885266857
2313.22885266857
2313.22885266857
2313.22885266857
2313.22885266857
2313.22885266857
2313.22885266857
2313.22885266857
2313.22885266857
2313.22885266857
2313.22885266857
2313.22885266857
2313.22885266857
2313.22885266857
2313.22885266857
2313.22885266857
2313.22885266857
2313.22885266857
2313.22885266857
2313.22885266857
2313.22885266857
2313.22885266857
2313.22885266857
2313.22885266857
2313.22885266857
2313.22885266857
2313.22885266857
2313.22885266857
2313.22885266857
2313.22885266857
2313.22885266857
2313.22885266857
2313.22885266857
2313.22885266857
2313.22885266857
2313.22885266857
2313.22885266857
2313.22885266857
2313.22885266857
2313.22885266857
2313.22885266857
2313.22885266857
2313.22885266857
2313.22885266857
2313.22885266857
2313.22885266857
2313.22885266857
2313.22885266857
2313.22885266857
2313.22885266857
2313.22885266857
2313.22885266857
2313.22885266857
2313.22885266857
2313.22885266857
2313.22885266857
2313.22885266857
2313.22885266857
2313.22885266857
2313.22885266857
2313.22885266857
2313.22885266857
2313.22885266857
2313.22885266857
2313.22885266857
2313.22885266857
2313.22885266857
2313.22885266857
2313.22885266857
2313.22885266857
2313.22885266857
2313.22885266857
2313.22885266857
2313.22885266857
2313.22885266857
2313.22885266857
2313.22885266857
2313.22885266857
2313.22885266857
2313.22885266857
2313.22885266857
2313.22885266857
2313.22885266857
2313.22885266857
2313.22885266857
2313.22885266857
2313.22885266857
2313.22885266857
2313.22885266857
2313.22885266857
2313.22885266857
2313.22885266857
2313.22885266857
2313.22885266857
2313.22885266857
2313.22885266857
2313.22885266857
2313.22885266857
2313.22885266857
2313.22885266857
2313.22885266857
2313.22885266857
2313.22885266857
2313.22885266857
2313.22885266857
2313.22885266857
2313.22885266857
2313.22885266857
2313.22885266857
2313.22885266857
2313.22885266857
2313.22885266857
2313.22885266857
2313.22885266857
2313.22885266857
2313.22885266857
2313.22885266857
2313.22885266857
2313.22885266857
2313.22885266857
2313.22885266857
2313.22885266857
2313.22885266857
2313.22885266857
2313.22885266857
2313.22885266857
2313.22885266857
2313.22885266857
2313.22885266857
2313.22885266857
2313.22885266857
2313.22885266857
2313.22885266857
2313.22885266857
2313.22885266857
2313.22885266857
2313.22885266857
2313.22885266857
2313.22885266857
2313.22885266857
2313.22885266857
2313.22885266857
2313.22885266857
2313.22885266857
2313.22885266857
2313.22885266857
2313.22885266857
2313.22885266857
2313.22885266857
2313.22885266857
2313.22885266857
2313.22885266857
2313.22885266857
2313.22885266857
2313.22885266857
2313.22885266857
2313.22885266857
2313.22885266857
2313.22885266857
2313.22885266857
2313.22885266857
2313.22885266857
2313.22885266857
2313.22885266857
2313.22885266857
2313.22885266857
2313.22885266857
2313.22885266857
2313.22885266857
2313.22885266857
2313.22885266857
2313.22885266857
2313.22885266857
2313.22885266857
2313.22885266857
2313.22885266857
2313.22885266857
2313.22885266857
2313.22885266857
2313.22885266857
2313.22885266857
2313.22885266857
2313.22885266857
2313.22885266857
2313.22885266857
2313.22885266857
2313.22885266857
2313.22885266857
2313.22885266857
2313.22885266857
2313.22885266857
2313.22885266857
2313.22885266857
2313.22885266857
2313.22885266857
2313.22885266857
2313.22885266857
2313.22885266857
2313.22885266857
2313.22885266857
2313.22885266857
2313.22885266857
2313.22885266857
2313.22885266857
2313.22885266857
2313.22885266857
2313.22885266857
2313.22885266857
2313.22885266857
2313.22885266857
2313.22885266857
2313.22885266857
2313.22885266857
2313.22885266857
2313.22885266857
2313.22885266857
2313.22885266857
2313.22885266857
2313.22885266857
2313.22885266857
2313.22885266857
2313.22885266857
2313.22885266857
2313.22885266857
2313.22885266857
2313.22885266857
2313.22885266857
2313.22885266857
2313.22885266857
2313.22885266857
2313.22885266857
2313.22885266857
2313.22885266857
2313.22885266857
2313.22885266857
2313.22885266857
2313.22885266857
2313.22885266857
2313.22885266857
2313.22885266857
2313.22885266857
2313.22885266857
2313.22885266857
2313.22885266857
2313.22885266857
2313.22885266857
2313.22885266857
2313.22885266857
2313.22885266857
2313.22885266857
2313.22885266857
2313.22885266857
2313.22885266857
2313.22885266857
2313.22885266857
2313.22885266857
2313.22885266857
2313.22885266857
2313.22885266857
2313.22885266857
2313.22885266857
2313.22885266857
2313.22885266857
2313.22885266857
2313.22885266857
2313.22885266857
2313.22885266857
2313.22885266857
2313.22885266857
2313.22885266857
2313.22885266857
2313.22885266857
2313.22885266857
2313.22885266857
2313.22885266857
2313.22885266857
2313.22885266857
2313.22885266857
2313.22885266857
2313.22885266857
2313.22885266857
2313.22885266857
2313.22885266857
2313.22885266857
2313.22885266857
2313.22885266857
2313.22885266857
2313.22885266857
2313.22885266857
2313.22885266857
2313.22885266857
2313.22885266857
2313.22885266857
2313.22885266857
2313.22885266857
2313.22885266857
2313.22885266857
2313.22885266857
2313.22885266857
2313.22885266857
2313.22885266857
2313.22885266857
2313.22885266857
2313.22885266857
2313.22885266857
2313.22885266857
2313.22885266857
2313.22885266857
2313.22885266857
2313.22885266857
2313.22885266857
2313.22885266857
2313.22885266857
2313.22885266857
2313.22885266857
2313.22885266857
2313.22885266857
2313.22885266857
2313.22885266857
2313.22885266857
2313.22885266857
2313.22885266857
2313.22885266857
2313.22885266857
2313.22885266857
2313.22885266857
2313.22885266857
2313.22885266857
2313.22885266857
2313.22885266857
2313.22885266857
2313.22885266857
2313.22885266857
2313.22885266857
2313.22885266857
2313.22885266857
2313.22885266857
2313.22885266857
2313.22885266857
2313.22885266857
2313.22885266857
2313.22885266857
2313.22885266857
2313.22885266857
2313.22885266857
2313.22885266857
2313.22885266857
2313.22885266857
2313.22885266857
2313.22885266857
2313.22885266857
2313.22885266857
2313.22885266857
2313.22885266857
2313.22885266857
2313.22885266857
2313.22885266857
2313.22885266857
2313.22885266857
2313.22885266857
2313.22885266857
2313.22885266857
2313.22885266857
2313.22885266857
2313.22885266857
2313.22885266857
2313.22885266857
2313.22885266857
2313.22885266857
2313.22885266857
2313.22885266857
2313.22885266857
2313.22885266857
2313.22885266857
2313.22885266857
2313.22885266857
2313.22885266857
2313.22885266857
2313.22885266857
2313.22885266857
2313.22885266857
2313.22885266857
2313.22885266857
2313.22885266857
2313.22885266857
2313.22885266857
2313.22885266857
2313.22885266857
2313.22885266857
2313.22885266857
2313.22885266857
2313.22885266857
2313.22885266857
2313.22885266857
2313.22885266857
2313.22885266857
2313.22885266857
2313.22885266857
2313.22885266857
2313.22885266857
2313.22885266857
2313.22885266857
2313.22885266857
2313.22885266857
2313.22885266857
2313.22885266857
2313.22885266857
2313.22885266857
2313.22885266857
2313.22885266857
2313.22885266857
2313.22885266857
2313.22885266857
2313.22885266857
2313.22885266857
2313.22885266857
2313.22885266857
2313.22885266857
2313.22885266857
2313.22885266857
2313.22885266857
2313.22885266857
2313.22885266857
2313.22885266857
2313.22885266857
2313.22885266857
2313.22885266857
2313.22885266857
2313.22885266857
2313.22885266857
2313.22885266857
2313.22885266857
2313.22885266857
2313.22885266857
2313.22885266857
2313.22885266857
2313.22885266857
2313.22885266857
2313.22885266857
2313.22885266857
2313.22885266857
2313.22885266857
2313.22885266857
2313.22885266857
2313.22885266857
2313.22885266857
2313.22885266857
2313.22885266857
2313.22885266857
2313.22885266857
2313.22885266857
2313.22885266857
2313.22885266857
2313.22885266857
2313.22885266857
2313.22885266857
2313.22885266857
2313.22885266857
2313.22885266857
2313.22885266857
2313.22885266857
2313.22885266857
2313.22885266857
2313.22885266857
2313.22885266857
2313.22885266857
2313.22885266857
2313.22885266857
2313.22885266857
2313.22885266857
2313.22885266857
2313.22885266857
2313.22885266857
2313.22885266857
2313.22885266857
2313.22885266857
2313.22885266857
2313.22885266857
2313.22885266857
2313.22885266857
2313.22885266857
2313.22885266857
2313.22885266857
2313.22885266857
2313.22885266857
2313.22885266857
2313.22885266857
2313.22885266857
2313.22885266857
2313.22885266857
2313.22885266857
2313.22885266857
2313.22885266857
2313.22885266857
2313.22885266857
2313.22885266857
2313.22885266857
2313.22885266857
2313.22885266857
2313.22885266857
2313.22885266857
2313.22885266857
2313.22885266857
2313.22885266857
2313.22885266857
2313.22885266857
2313.22885266857
2313.22885266857
2313.22885266857
2313.22885266857
2313.22885266857
2313.22885266857
2313.22885266857
2313.22885266857
2313.22885266857
2313.22885266857
2313.22885266857
2313.22885266857
2313.22885266857
2313.22885266857
2313.22885266857
2313.22885266857
2313.22885266857
2313.22885266857
2313.22885266857
2313.22885266857
2313.22885266857
2313.22885266857
2313.22885266857
2313.22885266857
2313.22885266857
2313.22885266857
2313.22885266857
2313.22885266857
2313.22885266857
2313.22885266857
2313.22885266857
2313.22885266857
2313.22885266857
2313.22885266857
2313.22885266857
2313.22885266857
2313.22885266857
2313.22885266857
2313.22885266857
2313.22885266857
2313.22885266857
2313.22885266857
2313.22885266857
2313.22885266857
2313.22885266857
2313.22885266857
2313.22885266857
2313.22885266857
2313.22885266857
2313.22885266857
2313.22885266857
2313.22885266857
2313.22885266857
2313.22885266857
2313.22885266857
2313.22885266857
2313.22885266857
2313.22885266857
2313.22885266857
2313.22885266857
2313.22885266857
2313.22885266857
2313.22885266857
2313.22885266857
2313.22885266857
2313.22885266857
2313.22885266857
2313.22885266857
2313.22885266857
2313.22885266857
2313.22885266857
2313.22885266857
2313.22885266857
2313.22885266857
2313.22885266857
2313.22885266857
2313.22885266857
2313.22885266857
2313.22885266857
2313.22885266857
2313.22885266857
2313.22885266857
2313.22885266857
2313.22885266857
2313.22885266857
2313.22885266857
2313.22885266857
2313.22885266857
2313.22885266857
2313.22885266857
2313.22885266857
2313.22885266857
2313.22885266857
2313.22885266857
2313.22885266857
2313.22885266857
2313.22885266857
2313.22885266857
2313.22885266857
2313.22885266857
2313.22885266857
2313.22885266857
2313.22885266857
2313.22885266857
2313.22885266857
2313.22885266857
2313.22885266857
2313.22885266857
2313.22885266857
2313.22885266857
2313.22885266857
2313.22885266857
2313.22885266857
2313.22885266857
2313.22885266857
2313.22885266857
2313.22885266857
2313.22885266857
2313.22885266857
2313.22885266857
2313.22885266857
2313.22885266857
2313.22885266857
2313.22885266857
2313.22885266857
2313.22885266857
2313.22885266857
2313.22885266857
2313.22885266857
2313.22885266857
2313.22885266857
2313.22885266857
2313.22885266857
2313.22885266857
2313.22885266857
2313.22885266857
2313.22885266857
2313.22885266857
2313.22885266857
2313.22885266857
2313.22885266857
2313.22885266857
2313.22885266857
2313.22885266857
2313.22885266857
2313.22885266857
2313.22885266857
2313.22885266857
2313.22885266857
2313.22885266857
2313.22885266857
2313.22885266857
2313.22885266857
2313.22885266857
2313.22885266857
2313.22885266857
2313.22885266857
2313.22885266857
2313.22885266857
2313.22885266857
2313.22885266857
2313.22885266857
2313.22885266857
2313.22885266857
2313.22885266857
2313.22885266857
2313.22885266857
2313.22885266857
2313.22885266857
2313.22885266857
2313.22885266857
2313.22885266857
2313.22885266857
2313.22885266857
2313.22885266857
2313.22885266857
2313.22885266857
2313.22885266857
2313.22885266857
2313.22885266857
2313.22885266857
2313.22885266857
2313.22885266857
2313.22885266857
2313.22885266857
2313.22885266857
2313.22885266857
2313.22885266857
2313.22885266857
2313.22885266857
2313.22885266857
2313.22885266857
2313.22885266857
2313.22885266857
2313.22885266857
2313.22885266857
2313.22885266857
2313.22885266857
2313.22885266857
2313.22885266857
2313.22885266857
2313.22885266857
2313.22885266857
2313.22885266857
2313.22885266857
2313.22885266857
2313.22885266857
2313.22885266857
2313.22885266857
2313.22885266857
2313.22885266857
2313.22885266857
2313.22885266857
2313.22885266857
2313.22885266857
2313.22885266857
2313.22885266857
2313.22885266857
2313.22885266857
2313.22885266857
2313.22885266857
2313.22885266857
2313.22885266857
2313.22885266857
2313.22885266857
2313.22885266857
2313.22885266857
2313.22885266857
2313.22885266857
2313.22885266857
2313.22885266857
2313.22885266857
2313.22885266857
2313.22885266857
2313.22885266857
2313.22885266857
2313.22885266857
2313.22885266857
2313.22885266857
2313.22885266857
2313.22885266857
2313.22885266857
2313.22885266857
2313.22885266857
2313.22885266857
2313.22885266857
2313.22885266857
2313.22885266857
2313.22885266857
2313.22885266857
2313.22885266857
2313.22885266857
2313.22885266857
2313.22885266857
2313.22885266857
2313.22885266857
2313.22885266857
2313.22885266857
2313.22885266857
2313.22885266857
2313.22885266857
2313.22885266857
2313.22885266857
2313.22885266857
2313.22885266857
2313.22885266857
2313.22885266857
2313.22885266857
2313.22885266857
2313.22885266857
2313.22885266857
2313.22885266857
2313.22885266857
2313.22885266857
2313.22885266857
2313.22885266857
2313.22885266857
2313.22885266857
2313.22885266857
2313.22885266857
2313.22885266857
2313.22885266857
2313.22885266857
2313.22885266857
2313.22885266857
2313.22885266857
2313.22885266857
2313.22885266857
2313.22885266857
2313.22885266857
2313.22885266857
2313.22885266857
2313.22885266857
2313.22885266857
2313.22885266857
2313.22885266857
2313.22885266857
2313.22885266857
2313.22885266857
2313.22885266857
2313.22885266857
2313.22885266857
2313.22885266857
2313.22885266857
2313.22885266857
2313.22885266857
2313.22885266857
2313.22885266857
2313.22885266857
2313.22885266857
2313.22885266857
2313.22885266857
2313.22885266857
2313.22885266857
2313.22885266857
2313.22885266857
2313.22885266857
2313.22885266857
2313.22885266857
2313.22885266857
2313.22885266857
2313.22885266857
2313.22885266857
2313.22885266857
2313.22885266857
2313.22885266857
2313.22885266857
2313.22885266857
2313.22885266857
2313.22885266857
2313.22885266857
2313.22885266857
2313.22885266857
2313.22885266857
2313.22885266857
2313.22885266857
2313.22885266857
2313.22885266857
2313.22885266857
2313.22885266857
2313.22885266857
2313.22885266857
2313.22885266857
2313.22885266857
2313.22885266857
2313.22885266857
2313.22885266857
2313.22885266857
2313.22885266857
2313.22885266857
2313.22885266857
2313.22885266857
2313.22885266857
2313.22885266857
2313.22885266857
2313.22885266857
2313.22885266857
2313.22885266857
2313.22885266857
2313.22885266857
2313.22885266857
2313.22885266857
2313.22885266857
2313.22885266857
2313.22885266857
2313.22885266857
2313.22885266857
2313.22885266857
2313.22885266857
2313.22885266857
2313.22885266857
2313.22885266857
2313.22885266857
2313.22885266857
2313.22885266857
2313.22885266857
2313.22885266857
2313.22885266857
2313.22885266857
2313.22885266857
2313.22885266857
2313.22885266857
2313.22885266857
2313.22885266857
2313.22885266857
2313.22885266857
2313.22885266857
2313.22885266857
2313.22885266857
2313.22885266857
2313.22885266857
2313.22885266857
2313.22885266857
2313.22885266857
2313.22885266857
2313.22885266857
2313.22885266857
2313.22885266857
2313.22885266857
2313.22885266857
2313.22885266857
2313.22885266857
2313.22885266857
2313.22885266857
2313.22885266857
2313.22885266857
2313.22885266857
2313.22885266857
2313.22885266857
2313.22885266857
2313.22885266857
2313.22885266857
2313.22885266857
2313.22885266857
2313.22885266857
2313.22885266857
2313.22885266857
2313.22885266857
2313.22885266857
2313.22885266857
2313.22885266857
2313.22885266857
2313.22885266857
2313.22885266857
2313.22885266857
2313.22885266857
2313.22885266857
2313.22885266857
2313.22885266857
2313.22885266857
2313.22885266857
2313.22885266857
2313.22885266857
2313.22885266857
2313.22885266857
2313.22885266857
2313.22885266857
2313.22885266857
2313.22885266857
2313.22885266857
2313.22885266857
2313.22885266857
2313.22885266857
2313.22885266857
2313.22885266857
2313.22885266857
2313.22885266857
2313.22885266857
2313.22885266857
2313.22885266857
2313.22885266857
2313.22885266857
2313.22885266857
2313.22885266857
2313.22885266857
2313.22885266857
2313.22885266857
2313.22885266857
2313.22885266857
2313.22885266857
2313.22885266857
2313.22885266857
2313.22885266857
2313.22885266857
2313.22885266857
2313.22885266857
2313.22885266857
2313.22885266857
2313.22885266857
2313.22885266857
2313.22885266857
2313.22885266857
2313.22885266857
2313.22885266857
2313.22885266857
2313.22885266857
2313.22885266857
2313.22885266857
2313.22885266857
2313.22885266857
2313.22885266857
2313.22885266857
2313.22885266857
2313.22885266857
2313.22885266857
2313.22885266857
2313.22885266857
2313.22885266857
2313.22885266857
2313.22885266857
2313.22885266857
2313.22885266857
2313.22885266857
2313.22885266857
2313.22885266857
2313.22885266857
2313.22885266857
2313.22885266857
2313.22885266857
2313.22885266857
2313.22885266857
2313.22885266857
2313.22885266857
2313.22885266857
2313.22885266857
2313.22885266857
2313.22885266857
2313.22885266857
2313.22885266857
2313.22885266857
2313.22885266857
2313.22885266857
2313.22885266857
2313.22885266857
2313.22885266857
2313.22885266857
2313.22885266857
2313.22885266857
2313.22885266857
2313.22885266857
2313.22885266857
2313.22885266857
2313.22885266857
2313.22885266857
2313.22885266857
2313.22885266857
2313.22885266857
2313.22885266857
2313.22885266857
2313.22885266857
2313.22885266857
2313.22885266857
2313.22885266857
2313.22885266857
2313.22885266857
2313.22885266857
2313.22885266857
2313.22885266857
2313.22885266857
2313.22885266857
2313.22885266857
2313.22885266857
2313.22885266857
2313.22885266857
2313.22885266857
2313.22885266857
2313.22885266857
2313.22885266857
2313.22885266857
2313.22885266857
2313.22885266857
2313.22885266857
2313.22885266857
2313.22885266857
2313.22885266857
2313.22885266857
2313.22885266857
2313.22885266857
2313.22885266857
2313.22885266857
2313.22885266857
2313.22885266857
2313.22885266857
2313.22885266857
2313.22885266857
2313.22885266857
2313.22885266857
2313.22885266857
2313.22885266857
2313.22885266857
2313.22885266857
2313.22885266857
2313.22885266857
2313.22885266857
2313.22885266857
2313.22885266857
2313.22885266857
2313.22885266857
2313.22885266857
2313.22885266857
2313.22885266857
2313.22885266857
2313.22885266857
2313.22885266857
2313.22885266857
2313.22885266857
2313.22885266857
2313.22885266857
2313.22885266857
2313.22885266857
2313.22885266857
2313.22885266857
2313.22885266857
2313.22885266857
2313.22885266857
2313.22885266857
2313.22885266857
2313.22885266857
2313.22885266857
2313.22885266857
2313.22885266857
2313.22885266857
2313.22885266857
2313.22885266857
2313.22885266857
2313.22885266857
2313.22885266857
2313.22885266857
2313.22885266857
2313.22885266857
2313.22885266857
2313.22885266857
2313.22885266857
2313.22885266857
2313.22885266857
2313.22885266857
2313.22885266857
2313.22885266857
2313.22885266857
2313.22885266857
2313.22885266857
2313.22885266857
2313.22885266857
2313.22885266857
2313.22885266857
2313.22885266857
2313.22885266857
2313.22885266857
2313.22885266857
2313.22885266857
2313.22885266857
2313.22885266857
2313.22885266857
2313.22885266857
2313.22885266857
2313.22885266857
2313.22885266857
2313.22885266857
2313.22885266857
2313.22885266857
2313.22885266857
2313.22885266857
2313.22885266857
2313.22885266857
2313.22885266857
2313.22885266857
2313.22885266857
2313.22885266857
2313.22885266857
2313.22885266857
2313.22885266857
2313.22885266857
2313.22885266857
2313.22885266857
2313.22885266857
2313.22885266857
2313.22885266857
2313.22885266857
2313.22885266857
2313.22885266857
2313.22885266857
2313.22885266857
2313.22885266857
2313.22885266857
2313.22885266857
2313.22885266857
2313.22885266857
2313.22885266857
2313.22885266857
2313.22885266857
2313.22885266857
2313.22885266857
2313.22885266857
2313.22885266857
2313.22885266857
2313.22885266857
2313.22885266857
2313.22885266857
2313.22885266857
2313.22885266857
2313.22885266857
2313.22885266857
2313.22885266857
2313.22885266857
2313.22885266857
2313.22885266857
2313.22885266857
2313.22885266857
2313.22885266857
2313.22885266857
2313.22885266857
2313.22885266857
2313.22885266857
2313.22885266857
2313.22885266857
2313.22885266857
2313.22885266857
2313.22885266857
2313.22885266857
2313.22885266857
2313.22885266857
2313.22885266857
2313.22885266857
2313.22885266857
2313.22885266857
2313.22885266857
2313.22885266857
2313.22885266857
2313.22885266857
2313.22885266857
2313.22885266857
2313.22885266857
2313.22885266857
2313.22885266857
2313.22885266857
2313.22885266857
2313.22885266857
2313.22885266857
2313.22885266857
2313.22885266857
2313.22885266857
2313.22885266857
2313.22885266857
2313.22885266857
2313.22885266857
2313.22885266857
2313.22885266857
2313.22885266857
2313.22885266857
2313.22885266857
2313.22885266857
2313.22885266857
2313.22885266857
2313.22885266857
2313.22885266857
2313.22885266857
2313.22885266857
2313.22885266857
2313.22885266857
2313.22885266857
2313.22885266857
2313.22885266857
2313.22885266857
2313.22885266857
2313.22885266857
2313.22885266857
2313.22885266857
2313.22885266857
2313.22885266857
2313.22885266857
2313.22885266857
2313.22885266857
2313.22885266857
2313.22885266857
2313.22885266857
2313.22885266857
2313.22885266857
2313.22885266857
2313.22885266857
2313.22885266857
2313.22885266857
2313.22885266857
2313.22885266857
2313.22885266857
2313.22885266857
2313.22885266857
2313.22885266857
2313.22885266857
2313.22885266857
2313.22885266857
2313.22885266857
2313.22885266857
2313.22885266857
2313.22885266857
2313.22885266857
2313.22885266857
2313.22885266857
2313.22885266857
2313.22885266857
2313.22885266857
2313.22885266857
2313.22885266857
2313.22885266857
2313.22885266857
2313.22885266857
2313.22885266857
2313.22885266857
2313.22885266857
2313.22885266857
2313.22885266857
2313.22885266857
2313.22885266857
2313.22885266857
2313.22885266857
2313.22885266857
2313.22885266857
2313.22885266857
2313.22885266857
2313.22885266857
2313.22885266857
2313.22885266857
2313.22885266857
2313.22885266857
2313.22885266857
2313.22885266857
2313.22885266857
2313.22885266857
2313.22885266857
2313.22885266857
2313.22885266857
2313.22885266857
2313.22885266857
2313.22885266857
2313.22885266857
2313.22885266857
2313.22885266857
2313.22885266857
2313.22885266857
2313.22885266857
2313.22885266857
2313.22885266857
2313.22885266857
2313.22885266857
2313.22885266857
2313.22885266857
2313.22885266857
2313.22885266857
2313.22885266857
2313.22885266857
2313.22885266857
2313.22885266857
2313.22885266857
2313.22885266857
2313.22885266857
2313.22885266857
2313.22885266857
2313.22885266857
2313.22885266857
2313.22885266857
2313.22885266857
2313.22885266857
2313.22885266857
2313.22885266857
2313.22885266857
2313.22885266857
2313.22885266857
2313.22885266857
2313.22885266857
2313.22885266857
2313.22885266857
2313.22885266857
2313.22885266857
2313.22885266857
2313.22885266857
2313.22885266857
2313.22885266857
2313.22885266857
2313.22885266857
2313.22885266857
2313.22885266857
2313.22885266857
2313.22885266857
2313.22885266857
2313.22885266857
2313.22885266857
2313.22885266857
2313.22885266857
2313.22885266857
2313.22885266857
2313.22885266857
2313.22885266857
2313.22885266857
2313.22885266857
2313.22885266857
2313.22885266857
2313.22885266857
2313.22885266857
2313.22885266857
2313.22885266857
2313.22885266857
2313.22885266857
2313.22885266857
2313.22885266857
2313.22885266857
2313.22885266857
2313.22885266857
2313.22885266857
2313.22885266857
2313.22885266857
2313.22885266857
2313.22885266857
2313.22885266857
2313.22885266857
2313.22885266857
2313.22885266857
2313.22885266857
2313.22885266857
2313.22885266857
2313.22885266857
2313.22885266857
2313.22885266857
2313.22885266857
2313.22885266857
2313.22885266857
2313.22885266857
2313.22885266857
2313.22885266857
2313.22885266857
2313.22885266857
2313.22885266857
2313.22885266857
2313.22885266857
2313.22885266857
2313.22885266857
2313.22885266857
2313.22885266857
2313.22885266857
2313.22885266857
2313.22885266857
2313.22885266857
2313.22885266857
2313.22885266857
2313.22885266857
2313.22885266857
2313.22885266857
2313.22885266857
2313.22885266857
2313.22885266857
2313.22885266857
2313.22885266857
2313.22885266857
2313.22885266857
2313.22885266857
2313.22885266857
2313.22885266857
2313.22885266857
2313.22885266857
2313.22885266857
2313.22885266857
2313.22885266857
2313.22885266857
2313.22885266857
2313.22885266857
2313.22885266857
2313.22885266857
2313.22885266857
2313.22885266857
2313.22885266857
2313.22885266857
2313.22885266857
2313.22885266857
2313.22885266857
2313.22885266857
2313.22885266857
2313.22885266857
2313.22885266857
2313.22885266857
2313.22885266857
2313.22885266857
2312.76417336879
2312.76417336879
2312.76417336879
2312.76417336879
2312.76417336879
2312.76417336879
2312.76417336879
2312.76417336879
2312.76417336879
2312.76417336879
2312.76417336879
2312.76417336879
2312.76417336879
2312.76417336879
2312.76417336879
2312.76417336879
2312.76417336879
2312.76417336879
2312.76417336879
2312.76417336879
2312.76417336879
2312.76417336879
2312.76417336879
2312.76417336879
2312.76417336879
2312.76417336879
2312.76417336879
2312.76417336879
2312.76417336879
2312.76417336879
2312.76417336879
2312.76417336879
2312.76417336879
2312.76417336879
2312.76417336879
2312.76417336879
2312.76417336879
2312.76417336879
2312.76417336879
2312.76417336879
2312.76417336879
2312.76417336879
2312.76417336879
2312.76417336879
2312.76417336879
2312.76417336879
2312.76417336879
2312.76417336879
2312.76417336879
2312.76417336879
2312.76417336879
2312.76417336879
2312.76417336879
2312.76417336879
2312.76417336879
2312.76417336879
2312.76417336879
2312.76417336879
2312.76417336879
2312.76417336879
2312.76417336879
2312.76417336879
2312.76417336879
2312.76417336879
2312.76417336879
2312.76417336879
2312.76417336879
2312.76417336879
2312.76417336879
2312.76417336879
2312.76417336879
2312.76417336879
2312.76417336879
2312.76417336879
2312.76417336879
2312.76417336879
2312.76417336879
2312.76417336879
2312.76417336879
2312.76417336879
2312.76417336879
2312.76417336879
2312.76417336879
2312.76417336879
2312.76417336879
2312.76417336879
2312.76417336879
2312.76417336879
2312.76417336879
2312.76417336879
2312.76417336879
2312.76417336879
2312.76417336879
2312.76417336879
2312.76417336879
2312.76417336879
2312.76417336879
2312.76417336879
2312.76417336879
2312.76417336879
2312.76417336879
2312.76417336879
2312.76417336879
2312.76417336879
2312.76417336879
2312.76417336879
2312.76417336879
2312.76417336879
2312.76417336879
2312.76417336879
2312.76417336879
2312.76417336879
2312.76417336879
2312.76417336879
2312.76417336879
2312.76417336879
2312.76417336879
2312.76417336879
2312.76417336879
2312.76417336879
2312.76417336879
2312.76417336879
2312.76417336879
2312.76417336879
2312.76417336879
2312.76417336879
2312.76417336879
2312.76417336879
2312.76417336879
2312.76417336879
2312.76417336879
2312.76417336879
2312.76417336879
2312.76417336879
2312.76417336879
2312.76417336879
2312.76417336879
2312.76417336879
2312.76417336879
2312.76417336879
2312.76417336879
2312.76417336879
2312.76417336879
2312.76417336879
2312.76417336879
2312.76417336879
2312.76417336879
2312.76417336879
2312.76417336879
2312.76417336879
2312.76417336879
2312.76417336879
2312.76417336879
2312.76417336879
2312.76417336879
2312.76417336879
2312.76417336879
2312.76417336879
2312.76417336879
2312.76417336879
2312.76417336879
2312.76417336879
2312.76417336879
2312.76417336879
2312.76417336879
2312.76417336879
2312.76417336879
2312.76417336879
2312.76417336879
2312.76417336879
2312.76417336879
2312.76417336879
2312.76417336879
2312.76417336879
2312.76417336879
2312.76417336879
2312.76417336879
2312.76417336879
2312.76417336879
2312.76417336879
2312.76417336879
2312.76417336879
2312.76417336879
2312.76417336879
2312.76417336879
2312.76417336879
2312.76417336879
2312.76417336879
2312.76417336879
2312.76417336879
2312.76417336879
2312.76417336879
2312.76417336879
2312.76417336879
2312.76417336879
2312.76417336879
2312.76417336879
2312.76417336879
2312.76417336879
2312.76417336879
2312.76417336879
2312.76417336879
2312.76417336879
2312.76417336879
2312.76417336879
2312.76417336879
2312.76417336879
2312.76417336879
2312.76417336879
2312.76417336879
2312.76417336879
2312.76417336879
2312.76417336879
2312.76417336879
2312.76417336879
2312.76417336879
2312.76417336879
2312.76417336879
2312.76417336879
2312.76417336879
2312.76417336879
2312.76417336879
2312.76417336879
2312.76417336879
2312.76417336879
2312.76417336879
2312.76417336879
2312.76417336879
2312.76417336879
2312.76417336879
2312.76417336879
2312.76417336879
2312.76417336879
2312.76417336879
2312.76417336879
2312.76417336879
2312.76417336879
2312.76417336879
2312.76417336879
2312.76417336879
2312.76417336879
2312.76417336879
2312.76417336879
2312.76417336879
2312.76417336879
2312.76417336879
2312.76417336879
2312.76417336879
2312.76417336879
2312.76417336879
2312.76417336879
2312.76417336879
2312.76417336879
2312.76417336879
2312.76417336879
2312.76417336879
2312.76417336879
2312.76417336879
2312.76417336879
2312.76417336879
2312.76417336879
2312.76417336879
2312.76417336879
2312.76417336879
2312.76417336879
2312.76417336879
2312.76417336879
2312.76417336879
2312.76417336879
2312.76417336879
2312.76417336879
2312.76417336879
2312.76417336879
2312.76417336879
2312.76417336879
2312.76417336879
2312.76417336879
2312.76417336879
2312.76417336879
2312.76417336879
2312.76417336879
2312.76417336879
2312.76417336879
2312.76417336879
2312.76417336879
2312.76417336879
2312.76417336879
2312.76417336879
2312.76417336879
2312.76417336879
2312.76417336879
2312.76417336879
2312.76417336879
2312.76417336879
2312.76417336879
2312.76417336879
2312.76417336879
2312.76417336879
2312.76417336879
2312.76417336879
2312.76417336879
2312.76417336879
2312.76417336879
2312.76417336879
2312.76417336879
2312.76417336879
2312.76417336879
2312.76417336879
2312.76417336879
2312.76417336879
2312.76417336879
2312.76417336879
2312.76417336879
2312.76417336879
2312.76417336879
2312.76417336879
2312.76417336879
2312.76417336879
2312.76417336879
2312.76417336879
2312.76417336879
2312.76417336879
2312.76417336879
2312.76417336879
2312.76417336879
2312.76417336879
2312.76417336879
2312.76417336879
2312.76417336879
2312.76417336879
2312.76417336879
2312.76417336879
2312.76417336879
2312.76417336879
2312.76417336879
2312.76417336879
2312.76417336879
2312.76417336879
2312.76417336879
2312.76417336879
2312.76417336879
2312.76417336879
2312.76417336879
2312.76417336879
2312.76417336879
2312.76417336879
2312.76417336879
2312.76417336879
2312.76417336879
2312.76417336879
2312.76417336879
2312.76417336879
2312.76417336879
2312.76417336879
2312.76417336879
2312.76417336879
2312.76417336879
2312.76417336879
2312.76417336879
2312.76417336879
2312.76417336879
2312.76417336879
2312.76417336879
2312.76417336879
2312.76417336879
2312.76417336879
2312.76417336879
2312.76417336879
2312.76417336879
2312.76417336879
2312.76417336879
2312.76417336879
2312.76417336879
2312.76417336879
2312.76417336879
2312.76417336879
2312.76417336879
2312.76417336879
2312.76417336879
2312.76417336879
2312.76417336879
2312.76417336879
2312.76417336879
2312.76417336879
2312.76417336879
2312.76417336879
2312.76417336879
2312.76417336879
2312.76417336879
2312.76417336879
2312.76417336879
2312.76417336879
2312.76417336879
2312.76417336879
2312.76417336879
2312.76417336879
2312.76417336879
2312.76417336879
2312.76417336879
2312.76417336879
2312.76417336879
2312.76417336879
2312.76417336879
2312.76417336879
2312.76417336879
2312.76417336879
2312.76417336879
2312.76417336879
2312.76417336879
2312.76417336879
2312.76417336879
2312.76417336879
2312.76417336879
2312.76417336879
2312.76417336879
2312.76417336879
2312.76417336879
2312.76417336879
2312.76417336879
2312.76417336879
2312.76417336879
2312.76417336879
2312.76417336879
2312.76417336879
2312.76417336879
2312.76417336879
2312.76417336879
2312.76417336879
2312.76417336879
2312.76417336879
2312.76417336879
2312.76417336879
2312.76417336879
2312.76417336879
2312.76417336879
2312.76417336879
2312.76417336879
2312.76417336879
2312.76417336879
2312.76417336879
2312.76417336879
2312.76417336879
2312.76417336879
2312.76417336879
2312.76417336879
2312.76417336879
2312.76417336879
2312.76417336879
2312.76417336879
2312.76417336879
2312.76417336879
2312.76417336879
2312.76417336879
2312.76417336879
2312.76417336879
2312.76417336879
2312.76417336879
2312.76417336879
2312.76417336879
2312.76417336879
2312.76417336879
2312.76417336879
2312.76417336879
2312.76417336879
2312.76417336879
2312.76417336879
2312.76417336879
2312.76417336879
2312.76417336879
2312.76417336879
2312.76417336879
2312.76417336879
2312.76417336879
2312.76417336879
2312.76417336879
2312.76417336879
2312.76417336879
2312.76417336879
2312.76417336879
2312.76417336879
2312.76417336879
2312.76417336879
2312.76417336879
2312.76417336879
2312.76417336879
2312.76417336879
2312.76417336879
2312.76417336879
2312.76417336879
2312.76417336879
2312.76417336879
2312.76417336879
2312.76417336879
2312.76417336879
2312.76417336879
2312.76417336879
2312.76417336879
2312.76417336879
2312.76417336879
2312.76417336879
2312.76417336879
2312.76417336879
2312.76417336879
2312.76417336879
2312.76417336879
2312.76417336879
2312.76417336879
2312.76417336879
2312.76417336879
2312.76417336879
2312.76417336879
2312.76417336879
2312.76417336879
2312.76417336879
2312.76417336879
2312.76417336879
2312.76417336879
2312.76417336879
2312.76417336879
2312.76417336879
2312.76417336879
2312.76417336879
2312.76417336879
2312.76417336879
2312.76417336879
2312.76417336879
2312.76417336879
2312.76417336879
2312.76417336879
2312.76417336879
2312.76417336879
2312.76417336879
2312.76417336879
2312.76417336879
2312.76417336879
2312.76417336879
2312.76417336879
2312.76417336879
2312.76417336879
2312.76417336879
2312.76417336879
2312.76417336879
2312.76417336879
2312.76417336879
2312.76417336879
2312.76417336879
2312.76417336879
2312.76417336879
2312.76417336879
2312.76417336879
2312.76417336879
2312.76417336879
2312.76417336879
2312.76417336879
2312.76417336879
2312.76417336879
2312.76417336879
2312.76417336879
2312.76417336879
2312.76417336879
2312.76417336879
2312.76417336879
2312.76417336879
2312.76417336879
2312.76417336879
2312.76417336879
2312.76417336879
2312.76417336879
2312.76417336879
2312.76417336879
2312.76417336879
2312.76417336879
2312.76417336879
2312.76417336879
2312.76417336879
2312.76417336879
2312.76417336879
2312.76417336879
2312.76417336879
2312.76417336879
2312.76417336879
2312.76417336879
2312.76417336879
2312.76417336879
2312.76417336879
2312.76417336879
2312.76417336879
2312.76417336879
2312.76417336879
2312.76417336879
2312.76417336879
2312.76417336879
2312.76417336879
2312.76417336879
2312.76417336879
2312.76417336879
2312.76417336879
2312.76417336879
2312.76417336879
2312.76417336879
2312.76417336879
2312.76417336879
2312.76417336879
2312.76417336879
2312.76417336879
2312.76417336879
2312.76417336879
2312.76417336879
2312.76417336879
2312.76417336879
2312.76417336879
2312.76417336879
2312.76417336879
2312.76417336879
2312.76417336879
2312.76417336879
2312.76417336879
2312.76417336879
2312.76417336879
2312.76417336879
2312.76417336879
2312.76417336879
2312.76417336879
2312.76417336879
2312.76417336879
2312.76417336879
2312.76417336879
2312.76417336879
2312.76417336879
2312.76417336879
2312.76417336879
2312.76417336879
2312.76417336879
2312.76417336879
2312.76417336879
2312.76417336879
2312.76417336879
2312.76417336879
2312.76417336879
2312.76417336879
2312.76417336879
2312.76417336879
2312.76417336879
2312.76417336879
2312.76417336879
2312.76417336879
2312.76417336879
2312.76417336879
2312.76417336879
2312.76417336879
2312.76417336879
2312.76417336879
2312.76417336879
2312.76417336879
2312.76417336879
2312.76417336879
2312.76417336879
2312.76417336879
2312.76417336879
2312.76417336879
2312.76417336879
2312.76417336879
2312.76417336879
2312.76417336879
2312.76417336879
2312.76417336879
2312.76417336879
2312.76417336879
2312.76417336879
2312.76417336879
2312.76417336879
2312.76417336879
2312.76417336879
2312.76417336879
2312.76417336879
2312.76417336879
2312.76417336879
2312.76417336879
2312.76417336879
2312.76417336879
2312.76417336879
2312.76417336879
2312.76417336879
2312.76417336879
2312.76417336879
2312.76417336879
2312.76417336879
2312.76417336879
2312.76417336879
2312.76417336879
2312.76417336879
2312.76417336879
2312.76417336879
2312.76417336879
2312.76417336879
2312.76417336879
2312.76417336879
2312.76417336879
2312.76417336879
2312.76417336879
2312.76417336879
2312.76417336879
2312.76417336879
2312.76417336879
2312.76417336879
2312.76417336879
2312.76417336879
2312.76417336879
2312.76417336879
2312.76417336879
2312.76417336879
2312.76417336879
2312.76417336879
2312.76417336879
2312.76417336879
2312.76417336879
2312.76417336879
2312.76417336879
2312.76417336879
2312.76417336879
2312.76417336879
2312.76417336879
2312.76417336879
2312.76417336879
2312.76417336879
2312.76417336879
2312.76417336879
2312.76417336879
2312.76417336879
2312.76417336879
2312.76417336879
2312.76417336879
2312.76417336879
2312.76417336879
2312.76417336879
2312.76417336879
2312.76417336879
2312.76417336879
2312.76417336879
2312.76417336879
2312.76417336879
2312.76417336879
2312.76417336879
2312.76417336879
2312.76417336879
2312.76417336879
2312.76417336879
2312.76417336879
2312.76417336879
2312.76417336879
2312.76417336879
2312.76417336879
2312.76417336879
2312.76417336879
2312.76417336879
2312.76417336879
2312.76417336879
2312.76417336879
2312.76417336879
2312.76417336879
2312.76417336879
2312.76417336879
2312.76417336879
2312.76417336879
2312.76417336879
2312.76417336879
2312.76417336879
2312.76417336879
2312.76417336879
2312.76417336879
2312.76417336879
2312.76417336879
2312.76417336879
2312.76417336879
2312.76417336879
2312.76417336879
2312.76417336879
2312.76417336879
2312.76417336879
2312.76417336879
2312.76417336879
2312.76417336879
2312.76417336879
2312.76417336879
2312.76417336879
2312.76417336879
2312.76417336879
2312.76417336879
2312.76417336879
2312.76417336879
2312.76417336879
2312.76417336879
2312.76417336879
2312.76417336879
2312.76417336879
2312.76417336879
2312.76417336879
2312.76417336879
2312.76417336879
2312.76417336879
2312.76417336879
2312.76417336879
2312.76417336879
2312.76417336879
2312.76417336879
2312.76417336879
2312.76417336879
2312.76417336879
2312.76417336879
2312.76417336879
2312.76417336879
2312.76417336879
2312.76417336879
2312.76417336879
2312.76417336879
2312.76417336879
2312.76417336879
2312.76417336879
2312.76417336879
2312.76417336879
2312.76417336879
2312.76417336879
2312.76417336879
2312.76417336879
2312.76417336879
2312.76417336879
2312.76417336879
2312.76417336879
2312.76417336879
2312.76417336879
2312.76417336879
2312.76417336879
2312.76417336879
2312.76417336879
2312.76417336879
2312.76417336879
2312.76417336879
2312.76417336879
2312.76417336879
2312.76417336879
2312.76417336879
2312.76417336879
2312.76417336879
2312.76417336879
2312.76417336879
2312.76417336879
2312.76417336879
2312.76417336879
2312.76417336879
2312.76417336879
2312.76417336879
2312.76417336879
2312.76417336879
2312.76417336879
2312.76417336879
2312.76417336879
2312.76417336879
2312.76417336879
2312.76417336879
2312.76417336879
2312.76417336879
2312.76417336879
2312.76417336879
2312.76417336879
2312.76417336879
2312.76417336879
2312.76417336879
2312.76417336879
2312.76417336879
2312.76417336879
2312.76417336879
2312.76417336879
2312.76417336879
2312.76417336879
2312.76417336879
2312.76417336879
2312.76417336879
2312.76417336879
2312.76417336879
2312.76417336879
2312.76417336879
2312.76417336879
2312.76417336879
2312.76417336879
2312.76417336879
2312.76417336879
2312.76417336879
2312.76417336879
2312.76417336879
2312.76417336879
2312.76417336879
2312.76417336879
2312.76417336879
2312.76417336879
2312.76417336879
2312.76417336879
2312.76417336879
2312.76417336879
2312.76417336879
2312.76417336879
2312.76417336879
2312.76417336879
2312.76417336879
2312.76417336879
2312.76417336879
2312.76417336879
2312.76417336879
2312.76417336879
2312.76417336879
2312.76417336879
2312.76417336879
2312.76417336879
2312.76417336879
2312.76417336879
2312.76417336879
2312.76417336879
2312.76417336879
2312.76417336879
2312.76417336879
2312.76417336879
2312.76417336879
2312.76417336879
2312.76417336879
2312.76417336879
2312.76417336879
2312.76417336879
2312.76417336879
2312.76417336879
2312.76417336879
2312.76417336879
2312.76417336879
2312.76417336879
2312.76417336879
2312.76417336879
2312.76417336879
2312.76417336879
2312.76417336879
2312.76417336879
2312.76417336879
2312.76417336879
2312.76417336879
2312.76417336879
2312.76417336879
2312.76417336879
2312.76417336879
2312.76417336879
2312.76417336879
2312.76417336879
2312.76417336879
2312.76417336879
2312.76417336879
2312.76417336879
2312.76417336879
2312.76417336879
2312.76417336879
2312.76417336879
2312.76417336879
2312.76417336879
2312.76417336879
2312.76417336879
2312.76417336879
2312.76417336879
2312.76417336879
2312.76417336879
2312.76417336879
2312.76417336879
2312.76417336879
2312.76417336879
2312.76417336879
2312.76417336879
2312.76417336879
2312.76417336879
2312.76417336879
2312.76417336879
2312.76417336879
2312.76417336879
2312.76417336879
2312.76417336879
2312.76417336879
2312.76417336879
2312.76417336879
2312.76417336879
2312.76417336879
2312.76417336879
2312.76417336879
2312.76417336879
2312.76417336879
2312.76417336879
2312.76417336879
2312.76417336879
2312.76417336879
2312.76417336879
2312.76417336879
2312.76417336879
2312.76417336879
2312.76417336879
2312.76417336879
2312.76417336879
2312.76417336879
2312.76417336879
2312.76417336879
2312.76417336879
2312.76417336879
2312.76417336879
2312.76417336879
2312.76417336879
2312.76417336879
2312.76417336879
2312.76417336879
2312.76417336879
2312.76417336879
2312.76417336879
2312.76417336879
2312.76417336879
2312.76417336879
2312.76417336879
2312.76417336879
2312.76417336879
2312.76417336879
2312.76417336879
2312.76417336879
2312.76417336879
2312.76417336879
2312.76417336879
2312.76417336879
2312.76417336879
2312.76417336879
2312.76417336879
2312.76417336879
2312.76417336879
2312.76417336879
2312.76417336879
2312.76417336879
2312.76417336879
2312.76417336879
2312.76417336879
2312.76417336879
2312.76417336879
2312.76417336879
2312.76417336879
2312.76417336879
2312.76417336879
2312.76417336879
2312.76417336879
2312.76417336879
2312.76417336879
2312.76417336879
2312.76417336879
2312.76417336879
2312.76417336879
2312.76417336879
2312.76417336879
2312.76417336879
2312.76417336879
2312.76417336879
2312.76417336879
2312.76417336879
2312.76417336879
2312.76417336879
2312.76417336879
2312.76417336879
2312.76417336879
2312.76417336879
2312.76417336879
2312.76417336879
2312.76417336879
2312.76417336879
2312.76417336879
2312.76417336879
2312.76417336879
2312.76417336879
2312.76417336879
2312.76417336879
2312.76417336879
2312.76417336879
2312.76417336879
2312.76417336879
2312.76417336879
2312.76417336879
2312.76417336879
2312.76417336879
2312.76417336879
2312.76417336879
2312.76417336879
2312.76417336879
2312.76417336879
2312.76417336879
2312.76417336879
2312.76417336879
2312.76417336879
2312.76417336879
2312.76417336879
2312.76417336879
2312.76417336879
2312.76417336879
2312.76417336879
2312.76417336879
2312.76417336879
2312.76417336879
2312.76417336879
2312.76417336879
2312.76417336879
2312.76417336879
2312.76417336879
2312.76417336879
2312.76417336879
2312.76417336879
2312.76417336879
2312.76417336879
2312.76417336879
2312.76417336879
2312.76417336879
2312.76417336879
2312.76417336879
2312.76417336879
2312.76417336879
2312.76417336879
2312.76417336879
2312.76417336879
2312.76417336879
2312.76417336879
2312.76417336879
2312.76417336879
2312.76417336879
2312.76417336879
2312.76417336879
2312.76417336879
2312.76417336879
2312.76417336879
2312.76417336879
2312.76417336879
2312.76417336879
2312.76417336879
2312.76417336879
2312.76417336879
2312.76417336879
2312.76417336879
2312.76417336879
2312.76417336879
2312.76417336879
2312.76417336879
2312.76417336879
2312.76417336879
2312.76417336879
2312.76417336879
2312.76417336879
2312.76417336879
2312.76417336879
2312.76417336879
2312.76417336879
2312.76417336879
2312.76417336879
2312.76417336879
2312.76417336879
2312.76417336879
2312.76417336879
2312.76417336879
2312.76417336879
2312.76417336879
2312.76417336879
2312.76417336879
2312.76417336879
2312.76417336879
2312.76417336879
2312.76417336879
2312.76417336879
2312.76417336879
2312.76417336879
2312.76417336879
2312.76417336879
2312.76417336879
2312.76417336879
2312.76417336879
2312.76417336879
2312.76417336879
2312.76417336879
2312.76417336879
2312.76417336879
2312.76417336879
2312.76417336879
2312.76417336879
2312.76417336879
2312.76417336879
2312.76417336879
2312.76417336879
2312.76417336879
2312.76417336879
2312.76417336879
2312.76417336879
2312.76417336879
2312.76417336879
2312.76417336879
2312.76417336879
2312.76417336879
2312.76417336879
2312.76417336879
2312.76417336879
2312.76417336879
2312.76417336879
2312.76417336879
2312.76417336879
2312.76417336879
2312.76417336879
2312.76417336879
2312.76417336879
2312.76417336879
2312.76417336879
2312.76417336879
2312.76417336879
2312.76417336879
2312.76417336879
2312.76417336879
2312.76417336879
2312.76417336879
2312.76417336879
2312.76417336879
2312.76417336879
2312.76417336879
2312.76417336879
2312.76417336879
2312.76417336879
2312.76417336879
2312.76417336879
2312.76417336879
2312.76417336879
2312.76417336879
2312.76417336879
2312.76417336879
2312.76417336879
2312.76417336879
2312.76417336879
2312.76417336879
2312.76417336879
2312.76417336879
2312.76417336879
2312.76417336879
2312.76417336879
2312.76417336879
2312.76417336879
2312.76417336879
2312.76417336879
2312.76417336879
2312.76417336879
2312.76417336879
2312.76417336879
2312.76417336879
2312.76417336879
2312.76417336879
2312.76417336879
2312.76417336879
2312.76417336879
2312.76417336879
2312.76417336879
2312.76417336879
2312.76417336879
2312.76417336879
2312.76417336879
2312.76417336879
2312.76417336879
2312.76417336879
2312.76417336879
2312.76417336879
2312.76417336879
2312.76417336879
2312.76417336879
2312.76417336879
2312.76417336879
2312.76417336879
2312.76417336879
2312.76417336879
2312.76417336879
2312.76417336879
2312.76417336879
2312.76417336879
2312.76417336879
2312.76417336879
2312.76417336879
2312.76417336879
2312.76417336879
2312.76417336879
2312.76417336879
2312.76417336879
2312.76417336879
2312.76417336879
2312.76417336879
2312.76417336879
2312.76417336879
2312.76417336879
2312.76417336879
2312.76417336879
2312.76417336879
2312.76417336879
2312.76417336879
2312.76417336879
2312.76417336879
2312.76417336879
2312.76417336879
2312.76417336879
2312.76417336879
2312.76417336879
2312.76417336879
2312.76417336879
2312.76417336879
2312.76417336879
2312.76417336879
2312.76417336879
2312.76417336879
2312.76417336879
2312.76417336879
2312.76417336879
2312.76417336879
2312.76417336879
2312.76417336879
2312.76417336879
2312.76417336879
2312.76417336879
2312.76417336879
2312.76417336879
2312.76417336879
2312.76417336879
2312.76417336879
2312.76417336879
2312.76417336879
2312.76417336879
2312.76417336879
2312.76417336879
2312.76417336879
2312.76417336879
2312.76417336879
2312.76417336879
2312.76417336879
2312.76417336879
2312.76417336879
2312.76417336879
2312.76417336879
2312.76417336879
2312.76417336879
2312.76417336879
2312.76417336879
2312.76417336879
2312.76417336879
2312.76417336879
2312.76417336879
2312.76417336879
2312.76417336879
2312.76417336879
2312.76417336879
2312.76417336879
2312.76417336879
2312.76417336879
2312.76417336879
2312.76417336879
2312.76417336879
2312.76417336879
2312.76417336879
2312.76417336879
2312.76417336879
2312.76417336879
2312.76417336879
2312.76417336879
2312.76417336879
2312.76417336879
2312.76417336879
2312.76417336879
2312.76417336879
2312.76417336879
2312.76417336879
2312.76417336879
2312.76417336879
2312.76417336879
2312.76417336879
2312.76417336879
2312.76417336879
2312.76417336879
2312.76417336879
2312.76417336879
2312.76417336879
2312.76417336879
2312.76417336879
2312.76417336879
2312.76417336879
2312.76417336879
2312.76417336879
2312.76417336879
2312.76417336879
2312.76417336879
2312.76417336879
2312.76417336879
2312.76417336879
2312.76417336879
2312.76417336879
2312.76417336879
2312.76417336879
2312.76417336879
2312.76417336879
2312.76417336879
2312.76417336879
2312.76417336879
2312.76417336879
2312.76417336879
2312.76417336879
2312.76417336879
2312.76417336879
2312.76417336879
2312.76417336879
2312.76417336879
2312.76417336879
2312.76417336879
2312.76417336879
2312.76417336879
2312.76417336879
2312.76417336879
2312.76417336879
2312.76417336879
2312.76417336879
2312.76417336879
2312.76417336879
2312.76417336879
2312.76417336879
2312.76417336879
2312.76417336879
2312.76417336879
2312.76417336879
2312.76417336879
2312.76417336879
2312.76417336879
2312.76417336879
2312.76417336879
2312.76417336879
2312.76417336879
2312.76417336879
2312.76417336879
2312.76417336879
2312.76417336879
2312.76417336879
2312.76417336879
2312.76417336879
2312.76417336879
2312.76417336879
2312.76417336879
2312.76417336879
2312.76417336879
2312.76417336879
2312.76417336879
2312.76417336879
2312.76417336879
2312.76417336879
2312.76417336879
2312.76417336879
2312.76417336879
2312.76417336879
2312.76417336879
2312.76417336879
2312.76417336879
2312.76417336879
2312.76417336879
2312.76417336879
2312.76417336879
2312.76417336879
2312.76417336879
2312.76417336879
2312.76417336879
2312.76417336879
2312.76417336879
2312.76417336879
2312.76417336879
2312.76417336879
2312.76417336879
2312.76417336879
2312.76417336879
2312.76417336879
2312.76417336879
2312.76417336879
2312.76417336879
2312.76417336879
2312.76417336879
2312.76417336879
2312.76417336879
2312.76417336879
2312.76417336879
2312.76417336879
2312.76417336879
2312.76417336879
2312.76417336879
2312.76417336879
2312.76417336879
2312.76417336879
2312.76417336879
2312.76417336879
2312.76417336879
2312.76417336879
2312.76417336879
2312.76417336879
2312.76417336879
2312.76417336879
2312.76417336879
2312.76417336879
2312.76417336879
2312.76417336879
2312.76417336879
2312.76417336879
2312.76417336879
2312.76417336879
2312.76417336879
2312.76417336879
2312.76417336879
2312.76417336879
2312.76417336879
2312.76417336879
2312.76417336879
2312.76417336879
2312.76417336879
2312.76417336879
2312.76417336879
2312.76417336879
2312.76417336879
2312.76417336879
2312.76417336879
2312.76417336879
2312.76417336879
2312.76417336879
2312.76417336879
2312.76417336879
2312.76417336879
2312.76417336879
2312.76417336879
2312.76417336879
2312.76417336879
2312.76417336879
2312.76417336879
2312.76417336879
2312.76417336879
2312.76417336879
2312.76417336879
2312.76417336879
2312.76417336879
2312.76417336879
2312.76417336879
2312.76417336879
2312.76417336879
2312.76417336879
2312.76417336879
2312.76417336879
2312.76417336879
2312.76417336879
2312.76417336879
2312.76417336879
2312.76417336879
2312.76417336879
2312.76417336879
2312.76417336879
2312.76417336879
2312.76417336879
2312.76417336879
2312.76417336879
2312.76417336879
2312.76417336879
2312.76417336879
2312.76417336879
2312.76417336879
2312.76417336879
2312.76417336879
2312.76417336879
2312.76417336879
2312.76417336879
2312.76417336879
2312.76417336879
2312.76417336879
2312.76417336879
2312.76417336879
2312.76417336879
2312.76417336879
2312.76417336879
2312.76417336879
2312.76417336879
2312.76417336879
2312.76417336879
2312.76417336879
2312.76417336879
2312.76417336879
2312.76417336879
2312.76417336879
2312.76417336879
2312.76417336879
2312.76417336879
2312.76417336879
2312.76417336879
2312.76417336879
2312.76417336879
2312.76417336879
2312.76417336879
2312.76417336879
2312.76417336879
2312.76417336879
2312.76417336879
2312.76417336879
2312.76417336879
2312.76417336879
2312.76417336879
2312.76417336879
2312.76417336879
2312.76417336879
2312.76417336879
2312.76417336879
2312.76417336879
2312.76417336879
2312.76417336879
2312.76417336879
2312.76417336879
2312.76417336879
2312.76417336879
2312.76417336879
2312.76417336879
2312.76417336879
2312.76417336879
2312.76417336879
2312.76417336879
2312.76417336879
2312.76417336879
2312.76417336879
2312.76417336879
2312.76417336879
2312.76417336879
2312.76417336879
2312.76417336879
2312.76417336879
2312.76417336879
2312.76417336879
2312.76417336879
2312.76417336879
2312.76417336879
2312.76417336879
2312.76417336879
2312.76417336879
2312.76417336879
2312.76417336879
2312.76417336879
2312.76417336879
2312.76417336879
2312.76417336879
2312.76417336879
2312.76417336879
2312.76417336879
2312.76417336879
2312.76417336879
2312.76417336879
2312.76417336879
2312.76417336879
2312.76417336879
2312.76417336879
2312.76417336879
2312.76417336879
2312.76417336879
2312.76417336879
2312.76417336879
2312.76417336879
2312.76417336879
2312.76417336879
2312.76417336879
2312.76417336879
2312.76417336879
2312.76417336879
2312.76417336879
2312.76417336879
2312.76417336879
2312.76417336879
2312.76417336879
2312.76417336879
2312.76417336879
2312.76417336879
2312.76417336879
2312.76417336879
2312.76417336879
2312.76417336879
2312.76417336879
2312.76417336879
2312.76417336879
2312.76417336879
2312.76417336879
2312.76417336879
2312.76417336879
2312.76417336879
2312.76417336879
2312.76417336879
2312.76417336879
2312.76417336879
2312.76417336879
2312.76417336879
2312.76417336879
2312.76417336879
2312.76417336879
2312.76417336879
2312.76417336879
2312.76417336879
2312.76417336879
2312.76417336879
2312.76417336879
2312.76417336879
2312.76417336879
2312.76417336879
2312.76417336879
2312.76417336879
2312.76417336879
2312.76417336879
2312.76417336879
2312.76417336879
2312.76417336879
2312.76417336879
2312.76417336879
2312.76417336879
2312.76417336879
2312.76417336879
2312.76417336879
2312.76417336879
2312.76417336879
2312.76417336879
2312.76417336879
2312.76417336879
2312.76417336879
2312.76417336879
2312.76417336879
2312.76417336879
2312.76417336879
2312.76417336879
2312.76417336879
2312.76417336879
2312.76417336879
2312.76417336879
2312.76417336879
2312.76417336879
2312.76417336879
2312.76417336879
2312.76417336879
2312.76417336879
2312.76417336879
2312.76417336879
2312.76417336879
2312.76417336879
2312.76417336879
2312.76417336879
2312.76417336879
2312.76417336879
2312.76417336879
2312.76417336879
2312.76417336879
2312.76417336879
2312.76417336879
2312.76417336879
2312.76417336879
2312.76417336879
2312.76417336879
2312.76417336879
2312.76417336879
2312.76417336879
2312.76417336879
2312.76417336879
2312.76417336879
2312.76417336879
2312.76417336879
2312.76417336879
2312.76417336879
2312.76417336879
2312.76417336879
2312.76417336879
2312.76417336879
2312.76417336879
2312.76417336879
2312.76417336879
2312.76417336879
2312.76417336879
2312.76417336879
2312.76417336879
2312.76417336879
2312.76417336879
2312.76417336879
2312.76417336879
2312.76417336879
2312.76417336879
2312.76417336879
2312.76417336879
2312.76417336879
2312.76417336879
2312.76417336879
2312.76417336879
2312.76417336879
2312.76417336879
2312.76417336879
2312.76417336879
2312.76417336879
2312.76417336879
2312.76417336879
2312.76417336879
2312.76417336879
2312.76417336879
2312.76417336879
2312.76417336879
2312.76417336879
2312.76417336879
2312.76417336879
2312.76417336879
2312.76417336879
2312.76417336879
2312.76417336879
2312.76417336879
2312.76417336879
2312.76417336879
2312.76417336879
2312.76417336879
2312.76417336879
2312.76417336879
2312.76417336879
2312.76417336879
2312.76417336879
2312.76417336879
2312.76417336879
2312.76417336879
2312.76417336879
2312.76417336879
2312.76417336879
2312.76417336879
2312.76417336879
2312.76417336879
2312.76417336879
2312.76417336879
2312.76417336879
2312.76417336879
2312.76417336879
2312.76417336879
2312.76417336879
2312.76417336879
2312.76417336879
2312.76417336879
2312.76417336879
2312.76417336879
2312.76417336879
2312.76417336879
2312.76417336879
2312.76417336879
2312.76417336879
2312.76417336879
2312.76417336879
2312.76417336879
2312.76417336879
2312.76417336879
2312.76417336879
2312.76417336879
2312.76417336879
2312.76417336879
2312.76417336879
2312.76417336879
2312.76417336879
2312.76417336879
2312.76417336879
2312.76417336879
2312.76417336879
2312.76417336879
2312.76417336879
2312.76417336879
2312.76417336879
2312.76417336879
2312.76417336879
2312.76417336879
2312.76417336879
2312.76417336879
2312.76417336879
2312.76417336879
2312.76417336879
2312.76417336879
2312.76417336879
2312.76417336879
2312.76417336879
2312.76417336879
2312.76417336879
2312.76417336879
2312.76417336879
2312.76417336879
2312.76417336879
2312.76417336879
2312.76417336879
2312.76417336879
2312.76417336879
2312.76417336879
2312.76417336879
2312.76417336879
2312.76417336879
2312.76417336879
2312.76417336879
2312.76417336879
2312.76417336879
2312.76417336879
2312.76417336879
2312.76417336879
2312.76417336879
2312.76417336879
2312.76417336879
2312.76417336879
2312.76417336879
2312.76417336879
2312.76417336879
2312.76417336879
2312.76417336879
2312.76417336879
2312.76417336879
2312.76417336879
2312.76417336879
2312.76417336879
2312.76417336879
2312.76417336879
2312.76417336879
2312.76417336879
2312.76417336879
2312.76417336879
2312.76417336879
2312.76417336879
2312.76417336879
2312.76417336879
2312.76417336879
2312.76417336879
2312.76417336879
2312.76417336879
2312.76417336879
2312.76417336879
2312.76417336879
2312.76417336879
2312.76417336879
2312.76417336879
2312.76417336879
2312.76417336879
2312.76417336879
2312.76417336879
2312.76417336879
2312.76417336879
2312.76417336879
2312.76417336879
2312.76417336879
2312.76417336879
2312.76417336879
2312.76417336879
2312.76417336879
2312.76417336879
2312.76417336879
2312.76417336879
2312.76417336879
2312.76417336879
2312.76417336879
2312.76417336879
2312.76417336879
2312.76417336879
2312.76417336879
2312.76417336879
2312.76417336879
2312.76417336879
2312.76417336879
2312.76417336879
2312.76417336879
2312.76417336879
2312.76417336879
2312.76417336879
2312.76417336879
2312.76417336879
2312.76417336879
2312.76417336879
2312.76417336879
2312.76417336879
2312.76417336879
2312.76417336879
2312.76417336879
2312.76417336879
2312.76417336879
2312.76417336879
2312.76417336879
2312.76417336879
2312.76417336879
2312.76417336879
2312.76417336879
2312.76417336879
2312.76417336879
2312.76417336879
2312.76417336879
2312.76417336879
2312.76417336879
2312.76417336879
2312.76417336879
2312.76417336879
2312.76417336879
2312.76417336879
2312.76417336879
2312.76417336879
2312.76417336879
2312.76417336879
2312.76417336879
2312.76417336879
2312.76417336879
2312.76417336879
2312.76417336879
2312.76417336879
2312.76417336879
2312.76417336879
2312.76417336879
2312.76417336879
2312.76417336879
2312.76417336879
2312.76417336879
2312.76417336879
2312.76417336879
2312.76417336879
2312.76417336879
2312.76417336879
2312.76417336879
2312.76417336879
2312.76417336879
2312.76417336879
2312.76417336879
2312.76417336879
2312.76417336879
2312.76417336879
2312.76417336879
2312.76417336879
2312.76417336879
2312.76417336879
2312.76417336879
2312.76417336879
2312.76417336879
2312.76417336879
2312.76417336879
2312.76417336879
2312.76417336879
2312.76417336879
2312.76417336879
2312.76417336879
2312.76417336879
2312.76417336879
2312.76417336879
2312.76417336879
2312.76417336879
2312.76417336879
2312.76417336879
2312.76417336879
2312.76417336879
2312.76417336879
2312.76417336879
2312.76417336879
2312.76417336879
2312.76417336879
2312.76417336879
2312.76417336879
2312.76417336879
2312.76417336879
2312.76417336879
2312.76417336879
2312.76417336879
2312.76417336879
2312.76417336879
2312.76417336879
2312.76417336879
2312.76417336879
2312.76417336879
2312.76417336879
2312.76417336879
2312.76417336879
2312.76417336879
2312.76417336879
2312.76417336879
2312.76417336879
2312.76417336879
2312.76417336879
2312.76417336879
2312.76417336879
2312.76417336879
2312.76417336879
2312.76417336879
2312.76417336879
2312.76417336879
2312.76417336879
2312.76417336879
2312.76417336879
2312.76417336879
2312.76417336879
2312.76417336879
2312.76417336879
2312.76417336879
2312.76417336879
2312.76417336879
2312.76417336879
2312.76417336879
2312.76417336879
2312.76417336879
2312.76417336879
2312.76417336879
2312.76417336879
2312.76417336879
2312.76417336879
2312.76417336879
2312.76417336879
2312.76417336879
2312.76417336879
2312.76417336879
2312.76417336879
2312.76417336879
2312.76417336879
2312.76417336879
2312.76417336879
2312.76417336879
2312.76417336879
2312.76417336879
2312.76417336879
2312.76417336879
2312.76417336879
2312.76417336879
2312.76417336879
2312.76417336879
2312.76417336879
2312.76417336879
2312.76417336879
2312.76417336879
2312.76417336879
2312.76417336879
2312.76417336879
2312.76417336879
2312.76417336879
2312.76417336879
2312.76417336879
2312.76417336879
2312.76417336879
2312.76417336879
2312.76417336879
2312.76417336879
2312.76417336879
2312.76417336879
2312.76417336879
2312.76417336879
2312.76417336879
2312.76417336879
2312.76417336879
2312.76417336879
2312.76417336879
2312.76417336879
2312.76417336879
2312.76417336879
2312.76417336879
2312.76417336879
2312.76417336879
2312.76417336879
2312.76417336879
2312.76417336879
2312.76417336879
2312.76417336879
2312.76417336879
2312.76417336879
2312.76417336879
2312.76417336879
2312.76417336879
2312.76417336879
2312.76417336879
2312.76417336879
2312.76417336879
2312.76417336879
2312.76417336879
2312.76417336879
2312.76417336879
2312.76417336879
2312.76417336879
2312.76417336879
2312.76417336879
2312.76417336879
2312.76417336879
2312.76417336879
2312.76417336879
2312.76417336879
2312.76417336879
2312.76417336879
2312.76417336879
2312.76417336879
2312.76417336879
2312.76417336879
2312.76417336879
2312.76417336879
2312.76417336879
2312.76417336879
2312.76417336879
2312.76417336879
2312.76417336879
2312.76417336879
2312.76417336879
2312.76417336879
2312.76417336879
2312.76417336879
2312.76417336879
2312.76417336879
2312.76417336879
2312.76417336879
2312.76417336879
2312.76417336879
2312.76417336879
2312.76417336879
2312.76417336879
2312.76417336879
2312.76417336879
2312.76417336879
2312.76417336879
2312.76417336879
2312.76417336879
2312.76417336879
2312.76417336879
2312.76417336879
2312.76417336879
2312.76417336879
2312.76417336879
2312.76417336879
2312.76417336879
2312.76417336879
2312.76417336879
2312.76417336879
2312.76417336879
2312.76417336879
2312.76417336879
2312.76417336879
2312.76417336879
2312.76417336879
2312.76417336879
2312.76417336879
2312.76417336879
2312.76417336879
2312.76417336879
2312.76417336879
2312.76417336879
2312.76417336879
2312.76417336879
2312.76417336879
2312.76417336879
2312.76417336879
2312.76417336879
2312.76417336879
2312.76417336879
2312.76417336879
2312.76417336879
2312.76417336879
2312.76417336879
2312.76417336879
2312.76417336879
2312.76417336879
2312.76417336879
2312.76417336879
2312.76417336879
2312.76417336879
2312.76417336879
2312.76417336879
2312.76417336879
2312.76417336879
2312.76417336879
2312.76417336879
2312.76417336879
2312.76417336879
2312.76417336879
2312.76417336879
2312.76417336879
2312.76417336879
2312.76417336879
2312.76417336879
2312.76417336879
2312.76417336879
2312.76417336879
2312.76417336879
2312.76417336879
2312.76417336879
2312.76417336879
2312.76417336879
2312.76417336879
2312.76417336879
2312.76417336879
2312.76417336879
2312.76417336879
2312.76417336879
2312.76417336879
2312.76417336879
2312.76417336879
2312.76417336879
2312.76417336879
2312.76417336879
2312.76417336879
2312.76417336879
2312.76417336879
2312.76417336879
2312.76417336879
2312.76417336879
2312.76417336879
2312.76417336879
2312.76417336879
2312.76417336879
2312.76417336879
2312.76417336879
2312.76417336879
2312.76417336879
2312.76417336879
2312.76417336879
2312.76417336879
2312.76417336879
2312.76417336879
2312.76417336879
2312.76417336879
2312.76417336879
2312.76417336879
2312.76417336879
2312.76417336879
2312.76417336879
2312.76417336879
2312.76417336879
2312.76417336879
2312.76417336879
2312.76417336879
2312.76417336879
2312.76417336879
2312.76417336879
2312.76417336879
2312.76417336879
2312.76417336879
2312.76417336879
2312.76417336879
2312.76417336879
2312.76417336879
2312.76417336879
2312.76417336879
2312.76417336879
2312.76417336879
2312.76417336879
2312.76417336879
2312.76417336879
2312.76417336879
2312.76417336879
2312.76417336879
2312.76417336879
2312.76417336879
2312.76417336879
2312.76417336879
2312.76417336879
2312.76417336879
2312.76417336879
2312.76417336879
2312.76417336879
2312.76417336879
2312.76417336879
2312.76417336879
2312.76417336879
2312.76417336879
2312.76417336879
2312.76417336879
2312.76417336879
2312.76417336879
2312.76417336879
2312.76417336879
2312.76417336879
2312.76417336879
2312.76417336879
2312.76417336879
2312.76417336879
2312.76417336879
2312.76417336879
2312.76417336879
2312.76417336879
2312.76417336879
2312.76417336879
2312.76417336879
2312.76417336879
2312.76417336879
2312.76417336879
2312.76417336879
2312.76417336879
2312.76417336879
2312.76417336879
2312.76417336879
2312.76417336879
2312.76417336879
2312.76417336879
2312.76417336879
2312.76417336879
2312.76417336879
2312.76417336879
2312.76417336879
2312.76417336879
2312.76417336879
2312.76417336879
2312.76417336879
2312.76417336879
2312.76417336879
2312.76417336879
2312.76417336879
2312.76417336879
2312.76417336879
2312.76417336879
2312.76417336879
2312.76417336879
2312.76417336879
2312.76417336879
2312.76417336879
2312.76417336879
2312.76417336879
2312.76417336879
2312.76417336879
2312.76417336879
2312.76417336879
2312.76417336879
2312.76417336879
2312.76417336879
2312.76417336879
2312.76417336879
2312.76417336879
2312.76417336879
2312.76417336879
2312.76417336879
2312.76417336879
2312.76417336879
2312.76417336879
2312.76417336879
2312.76417336879
2312.76417336879
2312.76417336879
2312.76417336879
2312.76417336879
2312.76417336879
2312.76417336879
2312.76417336879
2312.76417336879
2312.76417336879
2312.76417336879
2312.76417336879
2312.76417336879
2312.76417336879
2312.76417336879
2312.76417336879
2312.76417336879
2312.76417336879
2312.76417336879
2312.76417336879
2312.76417336879
2312.76417336879
2312.76417336879
2312.76417336879
2312.76417336879
2312.76417336879
2312.76417336879
2312.76417336879
2312.76417336879
2312.76417336879
2312.76417336879
2312.76417336879
2312.76417336879
2312.76417336879
2312.76417336879
2312.76417336879
2312.76417336879
2312.76417336879
2312.76417336879
2312.76417336879
2312.76417336879
2312.76417336879
2312.76417336879
2312.76417336879
2312.76417336879
2312.76417336879
2312.76417336879
2312.76417336879
2312.76417336879
2312.76417336879
2312.76417336879
2312.76417336879
2312.76417336879
2312.76417336879
2312.76417336879
2312.76417336879
2312.76417336879
2312.76417336879
2312.76417336879
2312.76417336879
2312.76417336879
2312.76417336879
2312.76417336879
2312.76417336879
2312.76417336879
2312.76417336879
2312.76417336879
2312.76417336879
2312.76417336879
2312.76417336879
2312.76417336879
2312.76417336879
2312.76417336879
2312.76417336879
2312.76417336879
2312.76417336879
2312.76417336879
2312.76417336879
2312.76417336879
2312.76417336879
2312.76417336879
2312.76417336879
2312.76417336879
2312.76417336879
2312.76417336879
2312.76417336879
2312.76417336879
2312.76417336879
2312.76417336879
2312.76417336879
2312.76417336879
2312.76417336879
2312.76417336879
2312.76417336879
2312.76417336879
2312.76417336879
2312.76417336879
2312.76417336879
2312.76417336879
2312.76417336879
2312.76417336879
2312.76417336879
2312.76417336879
2312.76417336879
2312.76417336879
2312.76417336879
2312.76417336879
2312.76417336879
2312.76417336879
2312.76417336879
2312.76417336879
2312.76417336879
2312.76417336879
2312.76417336879
2312.76417336879
2312.76417336879
2312.76417336879
2312.76417336879
2312.76417336879
2312.76417336879
2312.76417336879
2312.76417336879
2312.76417336879
2312.76417336879
2312.76417336879
2312.76417336879
2312.76417336879
2312.76417336879
2312.76417336879
2312.76417336879
2312.76417336879
2312.76417336879
2312.76417336879
2312.76417336879
2312.76417336879
2312.76417336879
2312.76417336879
2312.76417336879
2312.76417336879
2312.76417336879
2312.76417336879
2312.76417336879
2312.76417336879
2312.76417336879
2312.76417336879
2312.76417336879
2312.76417336879
2312.76417336879
2312.76417336879
2312.76417336879
2312.76417336879
2312.76417336879
2312.76417336879
2312.76417336879
2312.76417336879
2312.76417336879
2312.76417336879
2312.76417336879
2312.76417336879
2312.76417336879
2312.76417336879
2312.76417336879
2312.76417336879
2312.76417336879
2312.76417336879
2312.76417336879
2312.76417336879
2312.76417336879
2312.76417336879
2312.76417336879
2312.76417336879
2312.76417336879
2312.76417336879
2312.76417336879
2312.76417336879
2312.76417336879
2312.76417336879
2312.76417336879
2312.76417336879
2312.76417336879
2312.76417336879
2312.76417336879
2312.76417336879
2312.76417336879
2312.76417336879
2312.76417336879
2312.76417336879
2312.76417336879
2312.76417336879
2312.76417336879
2312.76417336879
2312.76417336879
2312.76417336879
2312.76417336879
2312.76417336879
2312.76417336879
2312.76417336879
2312.76417336879
2312.76417336879
2312.76417336879
2312.76417336879
2312.76417336879
2312.76417336879
2312.76417336879
2312.76417336879
2312.76417336879
2312.76417336879
2312.76417336879
2312.76417336879
2312.76417336879
2312.76417336879
2312.76417336879
2312.76417336879
2312.76417336879
2312.76417336879
2312.76417336879
2312.76417336879
2312.76417336879
2312.76417336879
2312.76417336879
2312.76417336879
2312.76417336879
2312.76417336879
2312.76417336879
2312.76417336879
2312.76417336879
2312.76417336879
2312.76417336879
2312.76417336879
2312.76417336879
2312.76417336879
2312.76417336879
2312.76417336879
2312.76417336879
2312.76417336879
2312.76417336879
2312.76417336879
2312.76417336879
2312.76417336879
2312.76417336879
2312.76417336879
2312.76417336879
2312.76417336879
2312.76417336879
2312.76417336879
2312.76417336879
2312.76417336879
2312.76417336879
2312.76417336879
2312.76417336879
2312.76417336879
2312.76417336879
2312.76417336879
2312.76417336879
2312.76417336879
2312.76417336879
2312.76417336879
2312.76417336879
2312.76417336879
2312.76417336879
2312.76417336879
2312.76417336879
2312.76417336879
2312.76417336879
2312.76417336879
2312.76417336879
2312.76417336879
2312.76417336879
2312.76417336879
2312.76417336879
2312.76417336879
2312.76417336879
2312.76417336879
2312.76417336879
2312.76417336879
2312.76417336879
2312.76417336879
2312.76417336879
2312.76417336879
2312.76417336879
2312.76417336879
2312.76417336879
2312.76417336879
2312.76417336879
2312.76417336879
2312.76417336879
2312.76417336879
2312.76417336879
2312.76417336879
2312.76417336879
2312.76417336879
2312.76417336879
2312.76417336879
2312.76417336879
2312.76417336879
2312.76417336879
2312.76417336879
2312.76417336879
2312.76417336879
2312.76417336879
2312.76417336879
2312.76417336879
2312.76417336879
2312.76417336879
2312.76417336879
2312.76417336879
2312.76417336879
2312.76417336879
2312.76417336879
2312.76417336879
2312.76417336879
2312.76417336879
2312.76417336879
2312.76417336879
2312.76417336879
2312.76417336879
2312.76417336879
2312.76417336879
2312.76417336879
2312.76417336879
2312.76417336879
2312.76417336879
2312.76417336879
2312.76417336879
2312.76417336879
2312.76417336879
2312.76417336879
2312.76417336879
2312.76417336879
2312.76417336879
2312.76417336879
2312.76417336879
2312.76417336879
2312.76417336879
2312.76417336879
2312.76417336879
2312.76417336879
2312.76417336879
2312.76417336879
2312.76417336879
2312.76417336879
2312.76417336879
2312.76417336879
2312.76417336879
2312.76417336879
2312.76417336879
2312.76417336879
2312.76417336879
2312.76417336879
2312.76417336879
2312.76417336879
2312.76417336879
2312.76417336879
2312.76417336879
2312.76417336879
2312.76417336879
2312.76417336879
2312.76417336879
2312.76417336879
2312.76417336879
2312.76417336879
2312.76417336879
2312.76417336879
2312.76417336879
2312.76417336879
2312.76417336879
2312.76417336879
2312.76417336879
2312.76417336879
2312.76417336879
2312.76417336879
2312.76417336879
2312.76417336879
2312.76417336879
2312.76417336879
2312.76417336879
2312.76417336879
2312.76417336879
2312.76417336879
2312.76417336879
2312.76417336879
2312.76417336879
2312.76417336879
2312.76417336879
2312.76417336879
2312.76417336879
2312.76417336879
2312.76417336879
2312.76417336879
2312.76417336879
2312.76417336879
2312.76417336879
2312.76417336879
2312.76417336879
2312.76417336879
2312.76417336879
2312.76417336879
2312.76417336879
2312.76417336879
2312.76417336879
2312.76417336879
2312.76417336879
2312.76417336879
2312.76417336879
2312.76417336879
2312.76417336879
2312.76417336879
2312.76417336879
2312.76417336879
2312.76417336879
2312.76417336879
2312.76417336879
2312.76417336879
2312.76417336879
2312.76417336879
2312.76417336879
2312.76417336879
2312.76417336879
2312.76417336879
2312.76417336879
2312.76417336879
2312.76417336879
2312.76417336879
2312.76417336879
2312.76417336879
2312.76417336879
2312.76417336879
2312.76417336879
2312.76417336879
2312.76417336879
2312.76417336879
2312.76417336879
2312.76417336879
2312.76417336879
2312.76417336879
2312.76417336879
2312.76417336879
2312.76417336879
2312.76417336879
2312.76417336879
2312.76417336879
2312.76417336879
2312.76417336879
2312.76417336879
2312.76417336879
2312.76417336879
2312.76417336879
2312.76417336879
2312.76417336879
2312.76417336879
2312.76417336879
2312.76417336879
2312.76417336879
2312.76417336879
2312.76417336879
2312.76417336879
2312.76417336879
2312.76417336879
2312.76417336879
2312.76417336879
2312.76417336879
2312.76417336879
2312.76417336879
2312.76417336879
2312.76417336879
2312.76417336879
2312.76417336879
2312.76417336879
2312.76417336879
2312.76417336879
2312.76417336879
2312.76417336879
2312.76417336879
2312.76417336879
2312.76417336879
2312.76417336879
2312.76417336879
2312.76417336879
2312.76417336879
2312.76417336879
2312.76417336879
2312.76417336879
2312.76417336879
2312.76417336879
2312.76417336879
2312.76417336879
2312.76417336879
2312.76417336879
2312.76417336879
2312.76417336879
2312.76417336879
2312.76417336879
2312.76417336879
2312.76417336879
2312.76417336879
2312.76417336879
2312.76417336879
2312.76417336879
2312.76417336879
2312.76417336879
2312.76417336879
2312.76417336879
2312.76417336879
2312.76417336879
2312.76417336879
2312.76417336879
2312.76417336879
2312.76417336879
2312.76417336879
2312.76417336879
2312.76417336879
2312.76417336879
2312.76417336879
2312.76417336879
2312.76417336879
2312.76417336879
2312.76417336879
2312.76417336879
2312.76417336879
2312.76417336879
2312.76417336879
2312.76417336879
2312.76417336879
2312.76417336879
2312.76417336879
2312.76417336879
2312.76417336879
2312.76417336879
2312.76417336879
2312.76417336879
2312.76417336879
2312.76417336879
2312.76417336879
2312.76417336879
2312.76417336879
2312.76417336879
2312.76417336879
2312.76417336879
2312.76417336879
2312.76417336879
2312.76417336879
2312.76417336879
2312.76417336879
2312.76417336879
2312.76417336879
2312.76417336879
2312.76417336879
2312.76417336879
2312.76417336879
2312.76417336879
2312.76417336879
2312.76417336879
2312.76417336879
2312.76417336879
2312.76417336879
2312.76417336879
2312.76417336879
2312.76417336879
2312.76417336879
2312.76417336879
2312.76417336879
2312.76417336879
2312.76417336879
2312.76417336879
2312.76417336879
2312.76417336879
2312.76417336879
2312.76417336879
2312.76417336879
2312.76417336879
2312.76417336879
2312.76417336879
2312.76417336879
2312.76417336879
2312.76417336879
2312.76417336879
2312.76417336879
2312.76417336879
2312.76417336879
2312.76417336879
2312.76417336879
2312.76417336879
2312.76417336879
2312.76417336879
2312.76417336879
2312.76417336879
2312.76417336879
2312.76417336879
2312.76417336879
2312.76417336879
2312.76417336879
2312.76417336879
2312.76417336879
2312.76417336879
2312.76417336879
2312.76417336879
2312.76417336879
2312.76417336879
2312.76417336879
2312.76417336879
2312.76417336879
2312.76417336879
2312.76417336879
2312.76417336879
2312.76417336879
2312.76417336879
2312.76417336879
2312.76417336879
2312.76417336879
2312.76417336879
2312.76417336879
2312.76417336879
2312.76417336879
2312.76417336879
2312.76417336879
2312.76417336879
2312.76417336879
2312.76417336879
2312.76417336879
2312.76417336879
2312.76417336879
2312.76417336879
2312.76417336879
2312.76417336879
2312.76417336879
2312.76417336879
2312.76417336879
2312.76417336879
2312.76417336879
2312.76417336879
2312.76417336879
2312.76417336879
2312.76417336879
2312.76417336879
2312.76417336879
2312.76417336879
2312.76417336879
2312.76417336879
2312.76417336879
2312.76417336879
2312.76417336879
2312.76417336879
2312.76417336879
2312.76417336879
2312.76417336879
2312.76417336879
2312.76417336879
2312.76417336879
2312.76417336879
2312.76417336879
2312.76417336879
2312.76417336879
2312.76417336879
2312.76417336879
2312.76417336879
2312.76417336879
2312.76417336879
2312.76417336879
2312.76417336879
2312.76417336879
2312.76417336879
2312.76417336879
2312.76417336879
2312.76417336879
2312.76417336879
2312.76417336879
2312.76417336879
2312.76417336879
2312.76417336879
2312.76417336879
2312.76417336879
2312.76417336879
2312.76417336879
2312.76417336879
2312.76417336879
2312.76417336879
2312.76417336879
2312.76417336879
2312.76417336879
2312.76417336879
2312.76417336879
2312.76417336879
2312.76417336879
2312.76417336879
2312.76417336879
2312.76417336879
2312.76417336879
2312.76417336879
2312.76417336879
2312.76417336879
2312.76417336879
2312.76417336879
2312.76417336879
2312.76417336879
2312.76417336879
2312.76417336879
2312.76417336879
2312.76417336879
2312.76417336879
2312.76417336879
2312.76417336879
2312.76417336879
2312.76417336879
2312.76417336879
2312.76417336879
2312.76417336879
2312.76417336879
2312.76417336879
2312.76417336879
2312.76417336879
2312.76417336879
2312.76417336879
2312.76417336879
2312.76417336879
2312.76417336879
2312.76417336879
2312.76417336879
2312.76417336879
2312.76417336879
2312.76417336879
2312.76417336879
2312.76417336879
2312.76417336879
2312.76417336879
2312.76417336879
2312.76417336879
2312.76417336879
2312.76417336879
2312.76417336879
2312.76417336879
2312.76417336879
2312.76417336879
2312.76417336879
2312.76417336879
2312.76417336879
2312.76417336879
2312.76417336879
2312.76417336879
2312.76417336879
2312.76417336879
2312.76417336879
2312.76417336879
2312.76417336879
2312.76417336879
2312.76417336879
2312.76417336879
2312.76417336879
2312.76417336879
2312.76417336879
2312.76417336879
2312.76417336879
2312.76417336879
2312.76417336879
2312.76417336879
2312.76417336879
2312.76417336879
2312.76417336879
2312.76417336879
2312.76417336879
2312.76417336879
2312.76417336879
2312.76417336879
2312.76417336879
2312.76417336879
2312.76417336879
2312.76417336879
2312.76417336879
2312.76417336879
2312.76417336879
2312.76417336879
2312.76417336879
2312.76417336879
2312.76417336879
2312.76417336879
2312.76417336879
2312.76417336879
2312.76417336879
2312.76417336879
2312.76417336879
2312.76417336879
2312.76417336879
2312.76417336879
2312.76417336879
2312.76417336879
2312.76417336879
2312.76417336879
2312.76417336879
2312.76417336879
2312.76417336879
2312.76417336879
2312.76417336879
2312.76417336879
2312.76417336879
2312.76417336879
2312.76417336879
2312.76417336879
2312.76417336879
2312.76417336879
2312.76417336879
2312.76417336879
2312.76417336879
2312.76417336879
2312.76417336879
2312.76417336879
2312.76417336879
2312.76417336879
2312.76417336879
2312.76417336879
2312.76417336879
2312.76417336879
2312.76417336879
2312.76417336879
2312.76417336879
2312.76417336879
2312.76417336879
2312.76417336879
2312.76417336879
2312.76417336879
2312.76417336879
2312.76417336879
2312.76417336879
2312.76417336879
2312.76417336879
2312.76417336879
2312.76417336879
2312.76417336879
2312.76417336879
2312.76417336879
2312.76417336879
2312.76417336879
2312.76417336879
2312.76417336879
2312.76417336879
2312.76417336879
2312.76417336879
2312.76417336879
2312.76417336879
2312.76417336879
2312.76417336879
2312.76417336879
2312.76417336879
2312.76417336879
2312.76417336879
2312.76417336879
2312.76417336879
2312.76417336879
2312.76417336879
2312.76417336879
2312.76417336879
2312.76417336879
2312.76417336879
2312.76417336879
2312.76417336879
2312.76417336879
2312.76417336879
2312.76417336879
2312.76417336879
2312.76417336879
2312.76417336879
2312.76417336879
2312.76417336879
2312.76417336879
2312.76417336879
2312.76417336879
2312.76417336879
2312.76417336879
2312.76417336879
2312.76417336879
2312.76417336879
2312.76417336879
2312.76417336879
2312.76417336879
2312.76417336879
2312.76417336879
2312.76417336879
2312.76417336879
2312.76417336879
2312.76417336879
2312.76417336879
2312.76417336879
2312.76417336879
2312.76417336879
2312.76417336879
2312.76417336879
2312.76417336879
2312.76417336879
2312.76417336879
2312.76417336879
2312.76417336879
2312.76417336879
2312.76417336879
2312.76417336879
2312.76417336879
2312.76417336879
2312.76417336879
2312.76417336879
2312.76417336879
2312.76417336879
2312.76417336879
2312.76417336879
2312.76417336879
2312.76417336879
2312.76417336879
2312.76417336879
2312.76417336879
2312.76417336879
2312.76417336879
2312.76417336879
2312.76417336879
2312.76417336879
2312.76417336879
2312.76417336879
2312.76417336879
2312.76417336879
2312.76417336879
2312.76417336879
2312.76417336879
2312.76417336879
2312.76417336879
2312.76417336879
2312.76417336879
2312.76417336879
2312.76417336879
2312.76417336879
2312.76417336879
2312.76417336879
2312.76417336879
2312.76417336879
2312.76417336879
2312.76417336879
2312.76417336879
2312.76417336879
2312.76417336879
2312.76417336879
2312.76417336879
2312.76417336879
2312.76417336879
2312.76417336879
2312.76417336879
2312.76417336879
2312.76417336879
2312.76417336879
2312.76417336879
2312.76417336879
2312.76417336879
2312.76417336879
2312.76417336879
2312.76417336879
2312.76417336879
2312.76417336879
2312.76417336879
2312.76417336879
2312.76417336879
2312.76417336879
2312.76417336879
2312.76417336879
2312.76417336879
2312.76417336879
2312.76417336879
2312.76417336879
2312.76417336879
2312.76417336879
2312.76417336879
2312.76417336879
2312.76417336879
2312.76417336879
2312.76417336879
2312.76417336879
2312.76417336879
2312.76417336879
2312.76417336879
2312.76417336879
2312.76417336879
2312.76417336879
2312.76417336879
2312.76417336879
2312.76417336879
2312.76417336879
2312.76417336879
2312.76417336879
2312.76417336879
2312.76417336879
2312.76417336879
2312.76417336879
2312.76417336879
2312.76417336879
2312.76417336879
2312.76417336879
2312.76417336879
2312.76417336879
2312.76417336879
2312.76417336879
2312.76417336879
2312.76417336879
2312.76417336879
2312.76417336879
2312.76417336879
2312.76417336879
2312.76417336879
2312.76417336879
2312.76417336879
2312.76417336879
2312.76417336879
2312.76417336879
2312.76417336879
2312.76417336879
2312.76417336879
2312.76417336879
2312.76417336879
2312.76417336879
2312.76417336879
2312.76417336879
2312.76417336879
2312.76417336879
2312.76417336879
2312.76417336879
2312.76417336879
2312.76417336879
2312.76417336879
2312.76417336879
2312.76417336879
2312.76417336879
2312.76417336879
2312.76417336879
2312.76417336879
2312.76417336879
2312.76417336879
2312.76417336879
2312.76417336879
2312.76417336879
2312.76417336879
2312.76417336879
2312.76417336879
2312.76417336879
2312.76417336879
2312.76417336879
2312.76417336879
2312.76417336879
2312.76417336879
2312.76417336879
2312.76417336879
2312.76417336879
2312.76417336879
2312.76417336879
2312.76417336879
2312.76417336879
2312.76417336879
2312.76417336879
2312.76417336879
2312.76417336879
2312.76417336879
2312.76417336879
2312.76417336879
2312.76417336879
2312.76417336879
2312.76417336879
2312.76417336879
2312.76417336879
2312.76417336879
2312.76417336879
2312.76417336879
2312.76417336879
2312.76417336879
2312.76417336879
2312.76417336879
2312.76417336879
2312.76417336879
2312.76417336879
2312.76417336879
2312.76417336879
2312.76417336879
2312.76417336879
2312.76417336879
2312.76417336879
2312.76417336879
2312.76417336879
2312.76417336879
2312.76417336879
2312.76417336879
2312.76417336879
2312.76417336879
2312.76417336879
2312.76417336879
2312.76417336879
2312.76417336879
2312.76417336879
2312.76417336879
2312.76417336879
2312.76417336879
2312.76417336879
2312.76417336879
2312.76417336879
2312.76417336879
2312.76417336879
2312.76417336879
2312.76417336879
2312.76417336879
2312.76417336879
2312.76417336879
2312.76417336879
2312.76417336879
2312.76417336879
2312.76417336879
2312.76417336879
2312.76417336879
2312.76417336879
2312.76417336879
2312.76417336879
2312.76417336879
2312.76417336879
2312.76417336879
2312.76417336879
2312.76417336879
2312.76417336879
2312.76417336879
2312.76417336879
2312.76417336879
2312.76417336879
2312.76417336879
2312.76417336879
2312.76417336879
2312.76417336879
2312.76417336879
2312.76417336879
2312.76417336879
2312.76417336879
2312.76417336879
2312.76417336879
2312.76417336879
2312.76417336879
2312.76417336879
2312.76417336879
2312.76417336879
2312.76417336879
2312.76417336879
2312.76417336879
2312.76417336879
2312.76417336879
2312.76417336879
2312.76417336879
2312.76417336879
2312.76417336879
2312.76417336879
2312.76417336879
2312.76417336879
2312.76417336879
2312.76417336879
2312.76417336879
2312.76417336879
2312.76417336879
2312.76417336879
2312.76417336879
2312.76417336879
2312.76417336879
2312.76417336879
2312.76417336879
2312.76417336879
2312.76417336879
2312.76417336879
2312.76417336879
2312.76417336879
2312.76417336879
2312.76417336879
2312.76417336879
2312.76417336879
2312.76417336879
2312.76417336879
2312.76417336879
2312.76417336879
2312.76417336879
2312.76417336879
2312.76417336879
2312.76417336879
2312.76417336879
2312.76417336879
2312.76417336879
2312.76417336879
2312.76417336879
2312.76417336879
2312.76417336879
2312.76417336879
2312.76417336879
2312.76417336879
2312.76417336879
2312.76417336879
2312.76417336879
2312.76417336879
2312.76417336879
2312.76417336879
2312.76417336879
2312.76417336879
2312.76417336879
2312.76417336879
2312.76417336879
2312.76417336879
2312.76417336879
2312.76417336879
2312.76417336879
2312.76417336879
2312.76417336879
2312.76417336879
2312.76417336879
2312.76417336879
2312.76417336879
2312.76417336879
2312.76417336879
2312.76417336879
2312.76417336879
2312.76417336879
2312.76417336879
2312.76417336879
2312.76417336879
2312.76417336879
2312.76417336879
2312.76417336879
2312.76417336879
2312.76417336879
2312.76417336879
2312.76417336879
2312.76417336879
2312.76417336879
2312.76417336879
2312.76417336879
2312.76417336879
2312.76417336879
2312.76417336879
2312.76417336879
2312.76417336879
2312.76417336879
2312.76417336879
2312.76417336879
2312.76417336879
2312.76417336879
2312.76417336879
2312.76417336879
2312.76417336879
2312.76417336879
2312.76417336879
2312.76417336879
2312.76417336879
2312.76417336879
2312.76417336879
2312.76417336879
2312.76417336879
2312.76417336879
2312.76417336879
2312.76417336879
2312.76417336879
2312.76417336879
2312.76417336879
2312.76417336879
2312.76417336879
2312.76417336879
2312.76417336879
2312.76417336879
2312.76417336879
2312.76417336879
2312.76417336879
2312.76417336879
2312.76417336879
2312.76417336879
2312.76417336879
2312.76417336879
2312.76417336879
2312.76417336879
2312.76417336879
2312.76417336879
2312.76417336879
2312.76417336879
2312.76417336879
2312.76417336879
2312.76417336879
2312.76417336879
2312.76417336879
2312.76417336879
2312.76417336879
2312.76417336879
2312.76417336879
2312.76417336879
2312.76417336879
2312.76417336879
2312.76417336879
2312.76417336879
2312.76417336879
2312.76417336879
2312.76417336879
2312.76417336879
2312.76417336879
2312.76417336879
2312.76417336879
2312.76417336879
2312.76417336879
2312.76417336879
2312.76417336879
2312.76417336879
2312.76417336879
2312.76417336879
2312.76417336879
2312.76417336879
2312.76417336879
2312.76417336879
2312.76417336879
2312.76417336879
2312.76417336879
2312.76417336879
2312.76417336879
2312.76417336879
2312.76417336879
2312.76417336879
2312.76417336879
2312.76417336879
2312.76417336879
2312.76417336879
2312.76417336879
2312.76417336879
2312.76417336879
2312.76417336879
2312.76417336879
2312.76417336879
2312.76417336879
2312.76417336879
2312.76417336879
2312.76417336879
2312.76417336879
2312.76417336879
2312.76417336879
2312.76417336879
2312.76417336879
2312.76417336879
2312.76417336879
2312.76417336879
2312.76417336879
2312.76417336879
2312.76417336879
2312.76417336879
2312.76417336879
2312.76417336879
2312.76417336879
2312.76417336879
2312.76417336879
2312.76417336879
2312.76417336879
2312.76417336879
2312.76417336879
2312.76417336879
2312.76417336879
2312.76417336879
2312.76417336879
2312.76417336879
2312.76417336879
2312.76417336879
2312.76417336879
2312.76417336879
2312.76417336879
2312.76417336879
2312.76417336879
2312.76417336879
2312.76417336879
2312.76417336879
2312.76417336879
2312.76417336879
2312.76417336879
2312.76417336879
2312.76417336879
2312.76417336879
2312.76417336879
2312.76417336879
2312.76417336879
2312.76417336879
2312.76417336879
2312.76417336879
2312.76417336879
2312.76417336879
2312.76417336879
2312.76417336879
2312.76417336879
2312.76417336879
2312.76417336879
2312.76417336879
2312.76417336879
2312.76417336879
2312.76417336879
2312.76417336879
2312.76417336879
2312.76417336879
2312.76417336879
2312.76417336879
2312.76417336879
2312.76417336879
2312.76417336879
2312.76417336879
2312.76417336879
2312.76417336879
2312.76417336879
2312.76417336879
2312.76417336879
2312.76417336879
2312.76417336879
2312.76417336879
2312.76417336879
2312.76417336879
2312.76417336879
2312.76417336879
2312.76417336879
2312.76417336879
2312.76417336879
2312.76417336879
2312.76417336879
2312.76417336879
2312.76417336879
2312.76417336879
2312.76417336879
2312.76417336879
2312.76417336879
2312.76417336879
2312.76417336879
2312.76417336879
2312.76417336879
2312.76417336879
2312.76417336879
2312.76417336879
2312.76417336879
2312.76417336879
2312.76417336879
2312.76417336879
2312.76417336879
2312.76417336879
2312.76417336879
2312.76417336879
2312.76417336879
2312.76417336879
2312.76417336879
2312.76417336879
2312.76417336879
2312.76417336879
2312.76417336879
2312.76417336879
2312.76417336879
2312.76417336879
2312.76417336879
2312.76417336879
2312.76417336879
2312.76417336879
2312.76417336879
2312.76417336879
2312.76417336879
2312.76417336879
2312.76417336879
2312.76417336879
2312.76417336879
2312.76417336879
2312.76417336879
2312.76417336879
2312.76417336879
2312.76417336879
2312.76417336879
2312.76417336879
2312.76417336879
2312.76417336879
2312.76417336879
2312.76417336879
2312.76417336879
2312.76417336879
2312.76417336879
2312.76417336879
2312.76417336879
2312.76417336879
2312.76417336879
2312.76417336879
2312.76417336879
2312.76417336879
2312.76417336879
2312.76417336879
2312.76417336879
2312.76417336879
2312.76417336879
2312.76417336879
2312.76417336879
2312.76417336879
2312.76417336879
2312.76417336879
2312.76417336879
2312.76417336879
2312.76417336879
2312.76417336879
2312.76417336879
2312.76417336879
2312.76417336879
2312.76417336879
2312.76417336879
2312.76417336879
2312.76417336879
2312.76417336879
2312.76417336879
2312.76417336879
2312.76417336879
2312.76417336879
2312.76417336879
2312.76417336879
2312.76417336879
2312.76417336879
2312.76417336879
2312.76417336879
2312.76417336879
2312.76417336879
2312.76417336879
2312.76417336879
2312.76417336879
2312.76417336879
2312.76417336879
2312.76417336879
2312.76417336879
2312.76417336879
2312.76417336879
2312.76417336879
2312.76417336879
2312.76417336879
2312.76417336879
2312.76417336879
2312.76417336879
2312.76417336879
2312.76417336879
2312.76417336879
2312.76417336879
2312.76417336879
2312.76417336879
2312.76417336879
2312.76417336879
2312.76417336879
2312.76417336879
2312.76417336879
2312.76417336879
2312.76417336879
2312.76417336879
2312.76417336879
2312.76417336879
2312.76417336879
2312.76417336879
2312.76417336879
2312.76417336879
2312.76417336879
2312.76417336879
2312.76417336879
2312.76417336879
2312.76417336879
2312.76417336879
2312.76417336879
2312.76417336879
2312.76417336879
2312.76417336879
2312.76417336879
2312.76417336879
2312.76417336879
2312.76417336879
2312.76417336879
2312.76417336879
2312.76417336879
2312.76417336879
2312.76417336879
2312.76417336879
2312.76417336879
2312.76417336879
2312.76417336879
2312.76417336879
2312.76417336879
2312.76417336879
2312.76417336879
2312.76417336879
2312.76417336879
2312.76417336879
2312.76417336879
2312.76417336879
2312.76417336879
2312.76417336879
2312.76417336879
2312.76417336879
2312.76417336879
2312.76417336879
2312.76417336879
2312.76417336879
2312.76417336879
2312.76417336879
2312.76417336879
2312.76417336879
2312.76417336879
2312.76417336879
2312.76417336879
2312.76417336879
2312.76417336879
2312.76417336879
2312.76417336879
2312.76417336879
2312.76417336879
2312.76417336879
2312.76417336879
2312.76417336879
2312.76417336879
2312.76417336879
2312.76417336879
2312.76417336879
2312.76417336879
2312.76417336879
2312.76417336879
2312.76417336879
2312.76417336879
2312.76417336879
2312.76417336879
2312.76417336879
2312.76417336879
2312.76417336879
2312.76417336879
2312.76417336879
2312.76417336879
2312.76417336879
2312.76417336879
2312.76417336879
2312.76417336879
2312.76417336879
2312.76417336879
2312.76417336879
2312.76417336879
2312.76417336879
2312.76417336879
2312.76417336879
2312.76417336879
2312.76417336879
2312.76417336879
2312.76417336879
2312.76417336879
2312.76417336879
2312.76417336879
2312.76417336879
2312.76417336879
2312.76417336879
2312.76417336879
2312.76417336879
2312.76417336879
2312.76417336879
2312.76417336879
2312.76417336879
2312.76417336879
2312.76417336879
2312.76417336879
2312.76417336879
2312.76417336879
2312.76417336879
2312.76417336879
2312.76417336879
2312.76417336879
2312.76417336879
2312.76417336879
2312.76417336879
2312.76417336879
2312.76417336879
2312.76417336879
2312.76417336879
2312.76417336879
2312.76417336879
2312.76417336879
2312.76417336879
2312.76417336879
2312.76417336879
2312.76417336879
2312.76417336879
2312.76417336879
2312.76417336879
2312.76417336879
2312.76417336879
2312.76417336879
2312.76417336879
2312.76417336879
2312.76417336879
2312.76417336879
2312.76417336879
2312.76417336879
2312.76417336879
2312.76417336879
2312.76417336879
2312.76417336879
2312.76417336879
2312.76417336879
2312.76417336879
2312.76417336879
2312.76417336879
2312.76417336879
2312.76417336879
2312.76417336879
2312.76417336879
2312.76417336879
2312.76417336879
2312.76417336879
2312.76417336879
2312.76417336879
2312.76417336879
2312.76417336879
2312.76417336879
2312.76417336879
2312.76417336879
2312.76417336879
2312.76417336879
2312.76417336879
2312.76417336879
2312.76417336879
2312.76417336879
2312.76417336879
2312.76417336879
2312.76417336879
2312.76417336879
2312.76417336879
2312.76417336879
2312.76417336879
2312.76417336879
2312.76417336879
2312.76417336879
2312.76417336879
2312.76417336879
2312.76417336879
2312.76417336879
2312.76417336879
2312.76417336879
2312.76417336879
2312.76417336879
2312.76417336879
2312.76417336879
2312.76417336879
2312.76417336879
2312.76417336879
2312.76417336879
2312.76417336879
2312.76417336879
2312.76417336879
2312.76417336879
2312.76417336879
2312.76417336879
2312.76417336879
2312.76417336879
2312.76417336879
2312.76417336879
2312.76417336879
2312.76417336879
2312.76417336879
2312.76417336879
2312.76417336879
2312.76417336879
2312.76417336879
2312.76417336879
2312.76417336879
2312.76417336879
2312.76417336879
2312.76417336879
2312.76417336879
2312.76417336879
2312.76417336879
2312.76417336879
2312.76417336879
2312.76417336879
2312.76417336879
2312.76417336879
2312.76417336879
2312.76417336879
2312.76417336879
2312.76417336879
2312.76417336879
2312.76417336879
2312.76417336879
2312.76417336879
2312.76417336879
2312.76417336879
2312.76417336879
2312.76417336879
2312.76417336879
2312.76417336879
2312.76417336879
2312.76417336879
2312.76417336879
2312.76417336879
2312.76417336879
2312.76417336879
2312.76417336879
2312.76417336879
2312.76417336879
2312.76417336879
2312.76417336879
2312.76417336879
2312.76417336879
2312.76417336879
2312.76417336879
2312.76417336879
2312.76417336879
2312.76417336879
2312.76417336879
2312.76417336879
2312.76417336879
2312.76417336879
2312.76417336879
2312.76417336879
2312.76417336879
2312.76417336879
2312.76417336879
2312.76417336879
2312.76417336879
2312.76417336879
2312.76417336879
2312.76417336879
2312.76417336879
2312.76417336879
2312.76417336879
2312.76417336879
2312.76417336879
2312.76417336879
2312.76417336879
2312.76417336879
2312.76417336879
2312.76417336879
2312.76417336879
2312.76417336879
2312.76417336879
2312.76417336879
2312.76417336879
2312.76417336879
2312.76417336879
2312.76417336879
2312.76417336879
2312.76417336879
2312.76417336879
2312.76417336879
2312.76417336879
2312.76417336879
2312.76417336879
2312.76417336879
2312.76417336879
2312.76417336879
2312.76417336879
2312.76417336879
2312.76417336879
2312.76417336879
2312.76417336879
2312.76417336879
2312.76417336879
2312.76417336879
2312.76417336879
2312.76417336879
2312.76417336879
2312.76417336879
2312.76417336879
2312.76417336879
2312.76417336879
2312.76417336879
2312.76417336879
2312.76417336879
2312.76417336879
2312.76417336879
2312.76417336879
2312.76417336879
2312.76417336879
2312.76417336879
2312.76417336879
2312.76417336879
2312.76417336879
2312.76417336879
2312.76417336879
2312.76417336879
2312.76417336879
2312.76417336879
2312.76417336879
2312.76417336879
2312.76417336879
2312.76417336879
2312.76417336879
2312.76417336879
2312.76417336879
2312.76417336879
2312.76417336879
2312.76417336879
2312.76417336879
2312.76417336879
2312.76417336879
2312.76417336879
2312.76417336879
2312.76417336879
2312.76417336879
2312.76417336879
2312.76417336879
2312.76417336879
2312.76417336879
2312.76417336879
2312.76417336879
2312.76417336879
2312.76417336879
2312.76417336879
2312.76417336879
2312.76417336879
2312.76417336879
2312.76417336879
2312.76417336879
2312.76417336879
2312.76417336879
2312.76417336879
2312.76417336879
2312.76417336879
2312.76417336879
2312.76417336879
2312.76417336879
2312.76417336879
2312.76417336879
2312.76417336879
2312.76417336879
2312.76417336879
2312.76417336879
2312.76417336879
2312.76417336879
2312.76417336879
2312.76417336879
2312.76417336879
2312.76417336879
2312.76417336879
2312.76417336879
2312.76417336879
2312.76417336879
2312.76417336879
2312.76417336879
2312.76417336879
2312.76417336879
2312.76417336879
2312.76417336879
2312.76417336879
2312.76417336879
2312.76417336879
2312.76417336879
2312.76417336879
2312.76417336879
2312.76417336879
2312.76417336879
2312.76417336879
2312.76417336879
2312.76417336879
2312.76417336879
2312.76417336879
2312.76417336879
2312.76417336879
2312.76417336879
2312.76417336879
2312.76417336879
2312.76417336879
2312.76417336879
2312.76417336879
2312.76417336879
2312.76417336879
2312.76417336879
2312.76417336879
2312.76417336879
2312.76417336879
2312.76417336879
2312.76417336879
2312.76417336879
2312.76417336879
2312.76417336879
2312.76417336879
2312.76417336879
2312.76417336879
2312.76417336879
2312.76417336879
2312.76417336879
2312.76417336879
2312.76417336879
2312.76417336879
2312.76417336879
2312.76417336879
2312.76417336879
2312.76417336879
2312.76417336879
2312.76417336879
2312.76417336879
2312.76417336879
2312.76417336879
2312.76417336879
2312.76417336879
2312.76417336879
2312.76417336879
2312.76417336879
2312.76417336879
2312.76417336879
2312.76417336879
2312.76417336879
2312.76417336879
2312.76417336879
2312.76417336879
2312.76417336879
2312.76417336879
2312.76417336879
2312.76417336879
2312.76417336879
2312.76417336879
2312.76417336879
2312.76417336879
2312.76417336879
2312.76417336879
2312.76417336879
2312.76417336879
2312.76417336879
2312.76417336879
2312.76417336879
2312.76417336879
2312.76417336879
2312.76417336879
2312.76417336879
2312.76417336879
2312.76417336879
2312.76417336879
2312.76417336879
2312.76417336879
2312.76417336879
2312.76417336879
2312.76417336879
2312.76417336879
2312.76417336879
2312.76417336879
2312.76417336879
2312.76417336879
2312.76417336879
2312.76417336879
2312.76417336879
2312.76417336879
2312.76417336879
2312.76417336879
2312.76417336879
2312.76417336879
2312.76417336879
2312.76417336879
2312.76417336879
2312.76417336879
2312.76417336879
2312.76417336879
2312.76417336879
2312.76417336879
2312.76417336879
2312.76417336879
2312.76417336879
2312.76417336879
2312.76417336879
2312.76417336879
2312.76417336879
2312.76417336879
2312.76417336879
2312.76417336879
2312.76417336879
2312.76417336879
2312.76417336879
2312.76417336879
2312.76417336879
2312.76417336879
2312.76417336879
2312.76417336879
2312.76417336879
2312.76417336879
2312.76417336879
2312.76417336879
2312.76417336879
2312.76417336879
2312.76417336879
2312.76417336879
2312.76417336879
2312.76417336879
2312.76417336879
2312.76417336879
2312.76417336879
2312.76417336879
2312.76417336879
2312.76417336879
2312.76417336879
2312.76417336879
2312.76417336879
2312.76417336879
2312.76417336879
2312.76417336879
2312.76417336879
2312.76417336879
2312.76417336879
2312.76417336879
2312.76417336879
2312.76417336879
2312.76417336879
2312.76417336879
2312.76417336879
2312.76417336879
2312.76417336879
2312.76417336879
2312.76417336879
2312.76417336879
2312.76417336879
2312.76417336879
2312.76417336879
2312.76417336879
2312.76417336879
2312.76417336879
2312.76417336879
2312.76417336879
2312.76417336879
2312.76417336879
2312.76417336879
2312.76417336879
2312.76417336879
2312.76417336879
2312.76417336879
2312.76417336879
2312.76417336879
2312.76417336879
2312.76417336879
2312.76417336879
2312.76417336879
2312.76417336879
2312.76417336879
2312.76417336879
2312.76417336879
2312.76417336879
2312.76417336879
2312.76417336879
2312.76417336879
2312.76417336879
2312.76417336879
2312.76417336879
2312.76417336879
2312.76417336879
2312.76417336879
2312.76417336879
2312.76417336879
2312.76417336879
2312.76417336879
2312.76417336879
2312.76417336879
2312.76417336879
2312.76417336879
2312.76417336879
2312.76417336879
2312.76417336879
2312.76417336879
2312.76417336879
2312.76417336879
2312.76417336879
2312.76417336879
2312.76417336879
2312.76417336879
2312.76417336879
2312.76417336879
2312.76417336879
2312.76417336879
2312.76417336879
2312.76417336879
2312.76417336879
2312.76417336879
2312.76417336879
2312.76417336879
2312.76417336879
2312.76417336879
2312.76417336879
2312.76417336879
2312.76417336879
2312.76417336879
2312.76417336879
2312.76417336879
2312.76417336879
2312.76417336879
2312.76417336879
2312.76417336879
2312.76417336879
2312.76417336879
2312.76417336879
2312.76417336879
2312.76417336879
2312.76417336879
2312.76417336879
2312.76417336879
2312.76417336879
2312.76417336879
2312.76417336879
2312.76417336879
2312.76417336879
2312.76417336879
2312.76417336879
2312.76417336879
2312.76417336879
2312.76417336879
2312.76417336879
2312.76417336879
2312.76417336879
2312.76417336879
2312.76417336879
2312.76417336879
2312.76417336879
2312.76417336879
2312.76417336879
2312.76417336879
2312.76417336879
2312.76417336879
2312.76417336879
2312.76417336879
2312.76417336879
2312.76417336879
2312.76417336879
2312.76417336879
2312.76417336879
2312.76417336879
2312.76417336879
2312.76417336879
2312.76417336879
2312.76417336879
2312.76417336879
2312.76417336879
2312.76417336879
2312.76417336879
2312.76417336879
2312.76417336879
2312.76417336879
2312.76417336879
2312.76417336879
2312.76417336879
2312.76417336879
2312.76417336879
2312.76417336879
2312.76417336879
2312.76417336879
2312.76417336879
2312.76417336879
2312.76417336879
2312.76417336879
2312.76417336879
2312.76417336879
2312.76417336879
2312.76417336879
2312.76417336879
2312.76417336879
2312.76417336879
2312.76417336879
2312.76417336879
2312.76417336879
2312.76417336879
2312.76417336879
2312.76417336879
2312.76417336879
2312.76417336879
2312.76417336879
2312.76417336879
2312.76417336879
2312.76417336879
2312.76417336879
2312.76417336879
2312.76417336879
2312.76417336879
2312.76417336879
2312.76417336879
2312.76417336879
2312.76417336879
2312.76417336879
2312.76417336879
2312.76417336879
2312.76417336879
2312.76417336879
2312.76417336879
2312.76417336879
2312.76417336879
2312.76417336879
2312.76417336879
2312.76417336879
2312.76417336879
2312.76417336879
2312.76417336879
2312.76417336879
2312.76417336879
2312.76417336879
2312.76417336879
2312.76417336879
2312.76417336879
2312.76417336879
2312.76417336879
2312.76417336879
2312.76417336879
2312.76417336879
2312.76417336879
2312.76417336879
2312.76417336879
2312.76417336879
2312.76417336879
2312.76417336879
2312.76417336879
2312.76417336879
2312.76417336879
2312.76417336879
2312.76417336879
2312.76417336879
2312.76417336879
2312.76417336879
2312.76417336879
2312.76417336879
2312.76417336879
2312.76417336879
2312.76417336879
2312.76417336879
2312.76417336879
2312.76417336879
2312.76417336879
2312.76417336879
2312.76417336879
2312.76417336879
2312.76417336879
2312.76417336879
2312.76417336879
2312.76417336879
2312.76417336879
2312.76417336879
2312.76417336879
2312.76417336879
2312.76417336879
2312.76417336879
2312.76417336879
2312.76417336879
2312.76417336879
2312.76417336879
2312.76417336879
2312.76417336879
2312.76417336879
2312.76417336879
2312.76417336879
2312.76417336879
2312.76417336879
2312.76417336879
2312.76417336879
2312.76417336879
2312.76417336879
2312.76417336879
2312.76417336879
2312.76417336879
2312.76417336879
2312.76417336879
2312.76417336879
2312.76417336879
2312.76417336879
2312.76417336879
2312.76417336879
2312.76417336879
2312.76417336879
2312.76417336879
2312.76417336879
2312.76417336879
2312.76417336879
2312.76417336879
2312.76417336879
2312.76417336879
2312.76417336879
2312.76417336879
2312.76417336879
2312.76417336879
2312.76417336879
2312.76417336879
2312.76417336879
2312.76417336879
2312.76417336879
2312.76417336879
2312.76417336879
2312.76417336879
2312.76417336879
2312.76417336879
2312.76417336879
2312.76417336879
2312.76417336879
2312.76417336879
2312.76417336879
2312.76417336879
2312.76417336879
2312.76417336879
2312.76417336879
2312.76417336879
2312.76417336879
2312.76417336879
2312.76417336879
2312.76417336879
2312.76417336879
2312.76417336879
2312.76417336879
2312.76417336879
2312.76417336879
2312.76417336879
2312.76417336879
2312.76417336879
2312.76417336879
2312.76417336879
2312.76417336879
2312.76417336879
2312.76417336879
2312.76417336879
2312.76417336879
2312.76417336879
2312.76417336879
2312.76417336879
2312.76417336879
2312.76417336879
2312.76417336879
2312.76417336879
2312.76417336879
2312.76417336879
2312.76417336879
2312.76417336879
2312.76417336879
2312.76417336879
2312.76417336879
2312.76417336879
2312.76417336879
2312.76417336879
2312.76417336879
2312.76417336879
2312.76417336879
2312.76417336879
2312.76417336879
2312.76417336879
2312.76417336879
2312.76417336879
2312.76417336879
2312.76417336879
2312.76417336879
2312.76417336879
2312.76417336879
2312.76417336879
2312.76417336879
2312.76417336879
2312.76417336879
2312.76417336879
2312.76417336879
2312.76417336879
2312.76417336879
2312.76417336879
2312.76417336879
2312.76417336879
2312.76417336879
2312.76417336879
2312.76417336879
2312.76417336879
2312.76417336879
2312.76417336879
2312.76417336879
2312.76417336879
2312.76417336879
2312.76417336879
2312.76417336879
2312.76417336879
2312.76417336879
2312.76417336879
2312.76417336879
2312.76417336879
2312.76417336879
2312.76417336879
2312.76417336879
2312.76417336879
2312.76417336879
2312.76417336879
2312.76417336879
2312.76417336879
2312.76417336879
2312.76417336879
2312.76417336879
2312.76417336879
2312.76417336879
2312.76417336879
2312.76417336879
2312.76417336879
2312.76417336879
2312.76417336879
2312.76417336879
2312.76417336879
2312.76417336879
2312.76417336879
2312.76417336879
2312.76417336879
2312.76417336879
2312.76417336879
2312.76417336879
2312.76417336879
2312.76417336879
2312.76417336879
2312.76417336879
2312.76417336879
2312.76417336879
2312.76417336879
2312.76417336879
2312.76417336879
2312.76417336879
2312.76417336879
2312.76417336879
2312.76417336879
2312.76417336879
2312.76417336879
2312.76417336879
2312.76417336879
2312.76417336879
2312.76417336879
2312.76417336879
2312.76417336879
2312.76417336879
2312.76417336879
2312.76417336879
2312.76417336879
2312.76417336879
2312.76417336879
2312.76417336879
2312.76417336879
2312.76417336879
2312.76417336879
2312.76417336879
2312.76417336879
2312.76417336879
2312.76417336879
2312.76417336879
2312.76417336879
2312.76417336879
2312.76417336879
2312.76417336879
2312.76417336879
2312.76417336879
2312.76417336879
2312.76417336879
2312.76417336879
2312.76417336879
2312.76417336879
2312.76417336879
2312.76417336879
2312.76417336879
2312.76417336879
2312.76417336879
2312.76417336879
2312.76417336879
2312.76417336879
2312.76417336879
2312.76417336879
2312.76417336879
2312.76417336879
2312.76417336879
2312.76417336879
2312.76417336879
2312.76417336879
2312.76417336879
2312.76417336879
2312.76417336879
2312.76417336879
2312.76417336879
2312.76417336879
2312.76417336879
2312.76417336879
2312.76417336879
2312.76417336879
2312.76417336879
2312.76417336879
2312.76417336879
2312.76417336879
2312.76417336879
2312.76417336879
2312.76417336879
2312.76417336879
2312.76417336879
2312.76417336879
2312.76417336879
2312.76417336879
2312.76417336879
2312.76417336879
2312.76417336879
2312.76417336879
2312.76417336879
2312.76417336879
2312.76417336879
2312.76417336879
2312.76417336879
2312.76417336879
2312.76417336879
2312.76417336879
2312.76417336879
2312.76417336879
2312.76417336879
2312.76417336879
2312.76417336879
2312.76417336879
2312.76417336879
2312.76417336879
2312.76417336879
2312.76417336879
2312.76417336879
2312.76417336879
2312.76417336879
2312.76417336879
2312.76417336879
2312.76417336879
2312.76417336879
2312.76417336879
2312.76417336879
2312.76417336879
2312.76417336879
2312.76417336879
2312.76417336879
2312.76417336879
2312.76417336879
2312.76417336879
2312.76417336879
2312.76417336879
2312.76417336879
2312.76417336879
2312.76417336879
2312.76417336879
2312.76417336879
2312.76417336879
2312.76417336879
2312.76417336879
2312.76417336879
2312.76417336879
2312.76417336879
2312.76417336879
2312.76417336879
2312.76417336879
2312.76417336879
2312.76417336879
2312.76417336879
2312.76417336879
2312.76417336879
2312.76417336879
2312.76417336879
2312.76417336879
2312.76417336879
2312.76417336879
2312.76417336879
2312.76417336879
2312.76417336879
2312.76417336879
2312.76417336879
2312.76417336879
2312.76417336879
2312.76417336879
2312.76417336879
2312.76417336879
2312.76417336879
2312.76417336879
2312.76417336879
2312.76417336879
2312.76417336879
2312.76417336879
2312.76417336879
2312.76417336879
2312.76417336879
2312.76417336879
2312.76417336879
2312.76417336879
2312.76417336879
2312.76417336879
2312.76417336879
2312.76417336879
2312.76417336879
2312.76417336879
2312.76417336879
2312.76417336879
2312.76417336879
2312.76417336879
2312.76417336879
2312.76417336879
2312.76417336879
2312.76417336879
2312.76417336879
2312.76417336879
2312.76417336879
2312.76417336879
2312.76417336879
2312.76417336879
2312.76417336879
2312.76417336879
2312.76417336879
2312.76417336879
2312.76417336879
2312.76417336879
2312.76417336879
2312.76417336879
2312.76417336879
2312.76417336879
2312.76417336879
2312.76417336879
2312.76417336879
2312.76417336879
2312.76417336879
2312.76417336879
2312.76417336879
2312.76417336879
2312.76417336879
2312.76417336879
2312.76417336879
2312.76417336879
2312.76417336879
2312.76417336879
2312.76417336879
2312.76417336879
2312.76417336879
2312.76417336879
2312.76417336879
2312.76417336879
2312.76417336879
2312.76417336879
2312.76417336879
2312.76417336879
2312.76417336879
2312.76417336879
2312.76417336879
2312.76417336879
2312.76417336879
2312.76417336879
2312.76417336879
2312.76417336879
2312.76417336879
2312.76417336879
2312.76417336879
2312.76417336879
2312.76417336879
2312.76417336879
2312.76417336879
2312.76417336879
2312.76417336879
2312.76417336879
2312.76417336879
2312.76417336879
2312.76417336879
2312.76417336879
2312.76417336879
2312.76417336879
2312.76417336879
2312.76417336879
2312.76417336879
2312.76417336879
2312.76417336879
2312.76417336879
2312.76417336879
2312.76417336879
2312.76417336879
2312.76417336879
2312.76417336879
2312.76417336879
2312.76417336879
2312.76417336879
2312.76417336879
2312.76417336879
2312.76417336879
2312.76417336879
2312.76417336879
2312.76417336879
2312.76417336879
2312.76417336879
2312.76417336879
2312.76417336879
2312.76417336879
2312.76417336879
2312.76417336879
2312.76417336879
2312.76417336879
2312.76417336879
2312.76417336879
2312.76417336879
2312.76417336879
2312.76417336879
2312.76417336879
2312.76417336879
2312.76417336879
2312.76417336879
2312.76417336879
2312.76417336879
2312.76417336879
2312.76417336879
2312.76417336879
2312.76417336879
2312.76417336879
2312.76417336879
2312.76417336879
2312.76417336879
2312.76417336879
2312.76417336879
2312.76417336879
2312.76417336879
2312.76417336879
2312.76417336879
2312.76417336879
2312.76417336879
2312.76417336879
2312.76417336879
2312.76417336879
2312.76417336879
2312.76417336879
2312.76417336879
2312.76417336879
2312.76417336879
2312.76417336879
2312.76417336879
2312.76417336879
2312.76417336879
2312.76417336879
2312.76417336879
2312.76417336879
2312.76417336879
2312.76417336879
2312.76417336879
2312.76417336879
2312.76417336879
2312.76417336879
2312.76417336879
2312.76417336879
2312.76417336879
2312.76417336879
2312.76417336879
2312.76417336879
2312.76417336879
2312.76417336879
2312.76417336879
2312.76417336879
2312.76417336879
2312.76417336879
2312.76417336879
2312.76417336879
2312.76417336879
2312.76417336879
2312.76417336879
2312.76417336879
2312.76417336879
2312.76417336879
2312.76417336879
2312.76417336879
2312.76417336879
2312.76417336879
2312.76417336879
2312.76417336879
2312.76417336879
2312.76417336879
2312.76417336879
2312.76417336879
2312.76417336879
2312.76417336879
2312.76417336879
2312.76417336879
2312.76417336879
2312.76417336879
2312.76417336879
2312.76417336879
2312.76417336879
2312.76417336879
2312.76417336879
2312.76417336879
2312.76417336879
2312.76417336879
2312.76417336879
2312.76417336879
2312.76417336879
2312.76417336879
2312.76417336879
2312.76417336879
2312.76417336879
2312.76417336879
2312.76417336879
2312.76417336879
2312.76417336879
2312.76417336879
2312.76417336879
2312.76417336879
2312.76417336879
2312.76417336879
2312.76417336879
2312.76417336879
2312.76417336879
2312.76417336879
2312.76417336879
2312.76417336879
2312.76417336879
2312.76417336879
2312.76417336879
2312.76417336879
2312.76417336879
2312.76417336879
2312.76417336879
2312.76417336879
2312.76417336879
2312.76417336879
2312.76417336879
2312.76417336879
2312.76417336879
2312.76417336879
2312.76417336879
2312.76417336879
2312.76417336879
2312.76417336879
2312.76417336879
2312.76417336879
2312.76417336879
2312.76417336879
2312.76417336879
2312.76417336879
2312.76417336879
2312.76417336879
2312.76417336879
2312.76417336879
2312.76417336879
2312.76417336879
2312.76417336879
2312.76417336879
2312.76417336879
2312.76417336879
2312.76417336879
2312.76417336879
2312.76417336879
2312.76417336879
2312.76417336879
2312.76417336879
2312.76417336879
2312.76417336879
2312.76417336879
2312.76417336879
2312.76417336879
2312.76417336879
2312.76417336879
2312.76417336879
2312.76417336879
2312.76417336879
2312.76417336879
2312.76417336879
2312.76417336879
2312.76417336879
2312.76417336879
2312.76417336879
2312.76417336879
2312.76417336879
2312.76417336879
2312.76417336879
2312.76417336879
2312.76417336879
2312.76417336879
2312.76417336879
2312.76417336879
2312.76417336879
2312.76417336879
2312.76417336879
2312.76417336879
2312.76417336879
2312.76417336879
2312.76417336879
2312.76417336879
2312.76417336879
2312.76417336879
2312.76417336879
2312.76417336879
2312.76417336879
2312.76417336879
2312.76417336879
2312.76417336879
2312.76417336879
2312.76417336879
2312.76417336879
2312.76417336879
2312.76417336879
2312.76417336879
2312.76417336879
2312.76417336879
2312.76417336879
2312.76417336879
2312.76417336879
2312.76417336879
2312.76417336879
2312.76417336879
2312.76417336879
2312.76417336879
2312.76417336879
2312.76417336879
2312.76417336879
2312.76417336879
2312.76417336879
2312.76417336879
2312.76417336879
2312.76417336879
2312.76417336879
2312.76417336879
2312.76417336879
2312.76417336879
2312.76417336879
2312.76417336879
2312.76417336879
2312.76417336879
2312.76417336879
2312.76417336879
2312.76417336879
2312.76417336879
2312.76417336879
2312.76417336879
2312.76417336879
2312.76417336879
2312.76417336879
2312.76417336879
2312.76417336879
2312.76417336879
2312.76417336879
2312.76417336879
2312.76417336879
2312.76417336879
2312.76417336879
2312.76417336879
2312.76417336879
2312.76417336879
2312.76417336879
2312.76417336879
2312.76417336879
2312.76417336879
2312.76417336879
2312.76417336879
2312.76417336879
2312.76417336879
2312.76417336879
2312.76417336879
2312.76417336879
2312.76417336879
2312.76417336879
2312.76417336879
2312.76417336879
2312.76417336879
2312.76417336879
2312.76417336879
2312.76417336879
2312.76417336879
2312.76417336879
2312.76417336879
2312.76417336879
2312.76417336879
2312.76417336879
2312.76417336879
2312.76417336879
2312.76417336879
2312.76417336879
2312.76417336879
2312.76417336879
2312.76417336879
2312.76417336879
2312.76417336879
2312.76417336879
2312.76417336879
2312.76417336879
2312.76417336879
2312.76417336879
2312.76417336879
2312.76417336879
2312.76417336879
2312.76417336879
2312.76417336879
2312.76417336879
2312.76417336879
2312.76417336879
2312.76417336879
2312.76417336879
2312.76417336879
2312.76417336879
2312.76417336879
2312.76417336879
2312.76417336879
2312.76417336879
2312.76417336879
2312.76417336879
2312.76417336879
2312.76417336879
2312.76417336879
2312.76417336879
2312.76417336879
2312.76417336879
2312.76417336879
2312.76417336879
2312.76417336879
2312.76417336879
2312.76417336879
2312.76417336879
2312.76417336879
2312.76417336879
2312.76417336879
2312.76417336879
2312.76417336879
2312.76417336879
2312.76417336879
2312.76417336879
2312.76417336879
2312.76417336879
2312.76417336879
2312.76417336879
2312.76417336879
2312.76417336879
2312.76417336879
2312.76417336879
2312.76417336879
2312.76417336879
2312.76417336879
2312.76417336879
2312.76417336879
2312.76417336879
2312.76417336879
2312.76417336879
2312.76417336879
2312.76417336879
2312.76417336879
2312.76417336879
2312.76417336879
2312.76417336879
2312.76417336879
2312.76417336879
2312.76417336879
2312.76417336879
2312.76417336879
2312.76417336879
2312.76417336879
2312.76417336879
2312.76417336879
2312.76417336879
2312.76417336879
2312.76417336879
2312.76417336879
2312.76417336879
2312.76417336879
2312.76417336879
2312.76417336879
2312.76417336879
2312.76417336879
2312.76417336879
2312.76417336879
2312.76417336879
2312.76417336879
2312.76417336879
2312.76417336879
2312.76417336879
2312.76417336879
2312.76417336879
2312.76417336879
2312.76417336879
2312.76417336879
2312.76417336879
2312.76417336879
2312.76417336879
2312.76417336879
2312.76417336879
2312.76417336879
2312.76417336879
2312.76417336879
2312.76417336879
2312.76417336879
2312.76417336879
2312.76417336879
2312.76417336879
2312.76417336879
2312.76417336879
2312.76417336879
2312.76417336879
2312.76417336879
2312.76417336879
2312.76417336879
2312.76417336879
2312.76417336879
2312.76417336879
2312.76417336879
2312.76417336879
2312.76417336879
2312.76417336879
2312.76417336879
2312.76417336879
2312.76417336879
2312.76417336879
2312.76417336879
2312.76417336879
2312.76417336879
2312.76417336879
2312.76417336879
2312.76417336879
2312.76417336879
2312.76417336879
2312.76417336879
2312.76417336879
2312.76417336879
2312.76417336879
2312.76417336879
2312.76417336879
2312.76417336879
2312.76417336879
2312.76417336879
2312.76417336879
2312.76417336879
2312.76417336879
2312.76417336879
2312.76417336879
2312.76417336879
2312.76417336879
2312.76417336879
2312.76417336879
2312.76417336879
2312.76417336879
2312.76417336879
2312.76417336879
2312.76417336879
2312.76417336879
2312.76417336879
2312.76417336879
2312.76417336879
2312.76417336879
2312.76417336879
2312.76417336879
2312.76417336879
2312.76417336879
2312.76417336879
2312.76417336879
2312.76417336879
2312.76417336879
2312.76417336879
2312.76417336879
2312.76417336879
2312.76417336879
2312.76417336879
2312.76417336879
2312.76417336879
2312.76417336879
2312.76417336879
2312.76417336879
2312.76417336879
2312.76417336879
2312.76417336879
2312.76417336879
2312.76417336879
2312.76417336879
2312.76417336879
2312.76417336879
2312.76417336879
2312.76417336879
2312.76417336879
2312.76417336879
2312.76417336879
2312.76417336879
2312.76417336879
2312.76417336879
2312.76417336879
2312.76417336879
2312.76417336879
2312.76417336879
2312.76417336879
2312.76417336879
2312.76417336879
2312.76417336879
2312.76417336879
2312.76417336879
2312.76417336879
2312.76417336879
2312.76417336879
2312.76417336879
2312.76417336879
2312.76417336879
2312.76417336879
2312.76417336879
2312.76417336879
2312.76417336879
2312.76417336879
2312.76417336879
2312.76417336879
2312.76417336879
2312.76417336879
2312.76417336879
2312.76417336879
2312.76417336879
2312.76417336879
2312.76417336879
2312.76417336879
2312.76417336879
2312.76417336879
2312.76417336879
2312.76417336879
2312.76417336879
2312.76417336879
2312.76417336879
2312.76417336879
2312.76417336879
2312.76417336879
2312.76417336879
2312.76417336879
2312.76417336879
2312.76417336879
2312.76417336879
2312.76417336879
2312.76417336879
2312.76417336879
2312.76417336879
2312.76417336879
2312.76417336879
2312.76417336879
2312.76417336879
2312.76417336879
2312.76417336879
2312.76417336879
2312.76417336879
2312.76417336879
2312.76417336879
2312.76417336879
2312.76417336879
2312.76417336879
2312.76417336879
2312.76417336879
2312.76417336879
2312.76417336879
2312.76417336879
2312.76417336879
2312.76417336879
2312.76417336879
2312.76417336879
2312.76417336879
2312.76417336879
2312.76417336879
2312.76417336879
2312.76417336879
2312.76417336879
2312.76417336879
2312.76417336879
2312.76417336879
2312.76417336879
2312.76417336879
2312.76417336879
2312.76417336879
2312.76417336879
2312.76417336879
2312.76417336879
2312.76417336879
2312.76417336879
2312.76417336879
2312.76417336879
2312.76417336879
2312.76417336879
2312.76417336879
2312.76417336879
2312.76417336879
2312.76417336879
2312.76417336879
2312.76417336879
2312.76417336879
2312.76417336879
2312.76417336879
2312.76417336879
2312.76417336879
2312.76417336879
2312.76417336879
2312.76417336879
2312.76417336879
2312.76417336879
2312.76417336879
2312.76417336879
2312.76417336879
2312.76417336879
2312.76417336879
2312.76417336879
2312.76417336879
2312.76417336879
2312.76417336879
2312.76417336879
2312.76417336879
2312.76417336879
2312.76417336879
2312.76417336879
2312.76417336879
2312.76417336879
2312.76417336879
2312.76417336879
2312.76417336879
2312.76417336879
2312.76417336879
2312.76417336879
2312.76417336879
2312.76417336879
2312.76417336879
2312.76417336879
2312.76417336879
2312.76417336879
2312.76417336879
2312.76417336879
2312.76417336879
2312.76417336879
2312.76417336879
2312.76417336879
2312.76417336879
2312.76417336879
2312.76417336879
2312.76417336879
2312.76417336879
2312.76417336879
2312.76417336879
2312.76417336879
2312.76417336879
2312.76417336879
2312.76417336879
2312.76417336879
2312.76417336879
2312.76417336879
2312.76417336879
2312.76417336879
2312.76417336879
2312.76417336879
2312.76417336879
2312.76417336879
2312.76417336879
2312.76417336879
2312.76417336879
2312.76417336879
2312.76417336879
2312.76417336879
2312.76417336879
2312.76417336879
2312.76417336879
2312.76417336879
2312.76417336879
2312.76417336879
2312.76417336879
2312.76417336879
2312.76417336879
2312.76417336879
2312.76417336879
2312.76417336879
2312.76417336879
2312.76417336879
2312.76417336879
2312.76417336879
2312.76417336879
2312.76417336879
2312.76417336879
2312.76417336879
2312.76417336879
2312.76417336879
2312.76417336879
2312.76417336879
2312.76417336879
2312.76417336879
2312.76417336879
2312.76417336879
2312.76417336879
2312.76417336879
2312.76417336879
2312.76417336879
2312.76417336879
2312.76417336879
2312.76417336879
2312.76417336879
2312.76417336879
2312.76417336879
2312.76417336879
2312.76417336879
2312.76417336879
2312.76417336879
2312.76417336879
2312.76417336879
2312.76417336879
2312.76417336879
2312.76417336879
2312.76417336879
2312.76417336879
2312.76417336879
2312.76417336879
2312.76417336879
2312.76417336879
2312.76417336879
2312.76417336879
2312.76417336879
2312.76417336879
2312.76417336879
2312.76417336879
2312.76417336879
2312.76417336879
2312.76417336879
2312.76417336879
2312.76417336879
2312.76417336879
2312.76417336879
2312.76417336879
2312.76417336879
2312.76417336879
2312.76417336879
2312.76417336879
2312.76417336879
2312.76417336879
2312.76417336879
2312.76417336879
2312.76417336879
2312.76417336879
2312.76417336879
2312.76417336879
2312.76417336879
2312.76417336879
2312.76417336879
2312.76417336879
2312.76417336879
2312.76417336879
2312.76417336879
2312.76417336879
2312.76417336879
2312.76417336879
2312.76417336879
2312.76417336879
2312.76417336879
2312.76417336879
2312.76417336879
2312.76417336879
2312.76417336879
2312.76417336879
2312.76417336879
2312.76417336879
2312.76417336879
2312.76417336879
2312.76417336879
2312.76417336879
2312.76417336879
2312.76417336879
2312.76417336879
2312.76417336879
2312.76417336879
2312.76417336879
2312.76417336879
2312.76417336879
2312.76417336879
2312.76417336879
2312.76417336879
2312.76417336879
2312.76417336879
2312.76417336879
2312.76417336879
2312.76417336879
2312.76417336879
2312.76417336879
2312.76417336879
2312.76417336879
2312.76417336879
2312.76417336879
2312.76417336879
2312.76417336879
2312.76417336879
2312.76417336879
2312.76417336879
2312.76417336879
2312.76417336879
2312.76417336879
2312.76417336879
2312.76417336879
2312.76417336879
2312.76417336879
2312.76417336879
2312.76417336879
2312.76417336879
2312.76417336879
2312.76417336879
2312.76417336879
2312.76417336879
2312.76417336879
2312.76417336879
2312.76417336879
2312.76417336879
2312.76417336879
2312.76417336879
2312.76417336879
2312.76417336879
2312.76417336879
2312.76417336879
2312.76417336879
2312.76417336879
2312.76417336879
2312.76417336879
2312.76417336879
2312.76417336879
2312.76417336879
2312.76417336879
2312.76417336879
2312.76417336879
2312.76417336879
2312.76417336879
2312.76417336879
2312.76417336879
2312.76417336879
2312.76417336879
2312.76417336879
2312.76417336879
2312.76417336879
2312.76417336879
2312.76417336879
2312.76417336879
2312.76417336879
2312.76417336879
2312.76417336879
2312.76417336879
2312.76417336879
2312.76417336879
2312.76417336879
2312.76417336879
2312.76417336879
2312.76417336879
2312.76417336879
2312.76417336879
2312.76417336879
2312.76417336879
2312.76417336879
2312.76417336879
2312.76417336879
2312.76417336879
2312.76417336879
2312.76417336879
2312.76417336879
2312.76417336879
2312.76417336879
2312.76417336879
2312.76417336879
2312.76417336879
2312.76417336879
2312.76417336879
2312.76417336879
2312.76417336879
2312.76417336879
2312.76417336879
2312.76417336879
2312.76417336879
2312.76417336879
2312.76417336879
2312.76417336879
2312.76417336879
2312.76417336879
2312.76417336879
2312.76417336879
2312.76417336879
2312.76417336879
2312.76417336879
2312.76417336879
2312.76417336879
2312.76417336879
2312.76417336879
2312.76417336879
2312.76417336879
2312.76417336879
2312.76417336879
2312.76417336879
2312.76417336879
2312.76417336879
2312.76417336879
2312.76417336879
2312.76417336879
2312.76417336879
2312.76417336879
2312.76417336879
2312.76417336879
2312.76417336879
2312.76417336879
2312.76417336879
2312.76417336879
2312.76417336879
2312.76417336879
2312.76417336879
2312.76417336879
2312.76417336879
2312.76417336879
2312.76417336879
2312.76417336879
2312.76417336879
2312.76417336879
2312.76417336879
2312.76417336879
2312.76417336879
2312.76417336879
2312.76417336879
2312.76417336879
2312.76417336879
2312.76417336879
2312.76417336879
2312.76417336879
2312.76417336879
2312.76417336879
2312.76417336879
2312.76417336879
2312.76417336879
2312.76417336879
2312.76417336879
2312.76417336879
2312.76417336879
2312.76417336879
2312.76417336879
2312.76417336879
2312.76417336879
2312.76417336879
2312.76417336879
2312.76417336879
2312.76417336879
2312.76417336879
2312.76417336879
2312.76417336879
2312.76417336879
2312.76417336879
2312.76417336879
2312.76417336879
2312.76417336879
2312.76417336879
2312.76417336879
2312.76417336879
2312.76417336879
2312.76417336879
2312.76417336879
2312.76417336879
2312.76417336879
2312.76417336879
2312.76417336879
2312.76417336879
2312.76417336879
2312.76417336879
2312.76417336879
2312.76417336879
2312.76417336879
2312.76417336879
2312.76417336879
2312.76417336879
2312.76417336879
2312.76417336879
2312.76417336879
2312.76417336879
2312.76417336879
2312.76417336879
2312.76417336879
2312.76417336879
2312.76417336879
2312.76417336879
2312.76417336879
2312.76417336879
2312.76417336879
2312.76417336879
2312.76417336879
2312.76417336879
2312.76417336879
2312.76417336879
2312.76417336879
2312.76417336879
2312.76417336879
2312.76417336879
2312.76417336879
2312.76417336879
2312.76417336879
2312.76417336879
2312.76417336879
2312.76417336879
2312.76417336879
2312.76417336879
2312.76417336879
2312.76417336879
2312.76417336879
2312.76417336879
2312.76417336879
2312.76417336879
2312.76417336879
2312.76417336879
2312.76417336879
2312.76417336879
2312.76417336879
2312.76417336879
2312.76417336879
2312.76417336879
2312.76417336879
2312.76417336879
2312.76417336879
2312.76417336879
2312.76417336879
2312.76417336879
2312.76417336879
2312.76417336879
2312.76417336879
2312.76417336879
2312.76417336879
2312.76417336879
2312.76417336879
2312.76417336879
2312.76417336879
2312.76417336879
2312.76417336879
2312.76417336879
2312.76417336879
2312.76417336879
2312.76417336879
2312.76417336879
2312.76417336879
2312.76417336879
2312.76417336879
2312.76417336879
2312.76417336879
2312.76417336879
2312.76417336879
2312.76417336879
2312.76417336879
2312.76417336879
2312.76417336879
2312.76417336879
2312.76417336879
2312.76417336879
2312.76417336879
2312.76417336879
2312.76417336879
2312.76417336879
2312.76417336879
2312.76417336879
2312.76417336879
2312.76417336879
2312.76417336879
2312.76417336879
2312.76417336879
2312.76417336879
2312.76417336879
2312.76417336879
2312.76417336879
2312.76417336879
2312.76417336879
2312.76417336879
2312.76417336879
2312.76417336879
2312.76417336879
2312.76417336879
2312.76417336879
2312.76417336879
2312.76417336879
2312.76417336879
2312.76417336879
2312.76417336879
2312.76417336879
2312.76417336879
2312.76417336879
2312.76417336879
2312.76417336879
2312.76417336879
2312.76417336879
2312.76417336879
2312.76417336879
2312.76417336879
2312.76417336879
2312.76417336879
2312.76417336879
2312.76417336879
2312.76417336879
2312.76417336879
2312.76417336879
2312.76417336879
2312.76417336879
2312.76417336879
2312.76417336879
2312.76417336879
2312.76417336879
2312.76417336879
2312.76417336879
2312.76417336879
2312.76417336879
2312.76417336879
2312.76417336879
2312.76417336879
2312.76417336879
2312.76417336879
2312.76417336879
2312.76417336879
2312.76417336879
2312.76417336879
2312.76417336879
2312.76417336879
2312.76417336879
2312.76417336879
2312.76417336879
2312.76417336879
2312.76417336879
2312.76417336879
2312.76417336879
2312.76417336879
2312.76417336879
2312.76417336879
2312.76417336879
2312.76417336879
2312.76417336879
2312.76417336879
2312.76417336879
2312.76417336879
2312.76417336879
2312.76417336879
2312.76417336879
2312.76417336879
2312.76417336879
2312.76417336879
2312.76417336879
2312.76417336879
2312.76417336879
2312.76417336879
2312.76417336879
2312.76417336879
2312.76417336879
2312.76417336879
2312.76417336879
2312.76417336879
2312.76417336879
2312.76417336879
2312.76417336879
2312.76417336879
2312.76417336879
2312.76417336879
2312.76417336879
2312.76417336879
2312.76417336879
2312.76417336879
2312.76417336879
2312.76417336879
2312.76417336879
2312.76417336879
2312.76417336879
2312.76417336879
2312.76417336879
2312.76417336879
2312.76417336879
2312.76417336879
2312.76417336879
2312.76417336879
2312.76417336879
2312.76417336879
2312.76417336879
2312.76417336879
2312.76417336879
2312.76417336879
2312.76417336879
2312.76417336879
2312.76417336879
2312.76417336879
2312.76417336879
2312.76417336879
2312.76417336879
2312.76417336879
2312.76417336879
2312.76417336879
2312.76417336879
2312.76417336879
2312.76417336879
2312.76417336879
2312.76417336879
2312.76417336879
2312.76417336879
2312.76417336879
2312.76417336879
2312.76417336879
2312.76417336879
2312.76417336879
2312.76417336879
2312.76417336879
2312.76417336879
2312.76417336879
2312.76417336879
2312.76417336879
2312.76417336879
2312.76417336879
2312.76417336879
2312.76417336879
2312.76417336879
2312.76417336879
2312.76417336879
2312.76417336879
2312.76417336879
2312.76417336879
2312.76417336879
2312.76417336879
2312.76417336879
2312.76417336879
2312.76417336879
2312.76417336879
2312.76417336879
2312.76417336879
2312.76417336879
2312.76417336879
2312.76417336879
2312.76417336879
2312.76417336879
2312.76417336879
2312.76417336879
2312.76417336879
2312.76417336879
2312.76417336879
2312.76417336879
2312.76417336879
2312.76417336879
2312.76417336879
2312.76417336879
2312.76417336879
2312.76417336879
2312.76417336879
2312.76417336879
2312.76417336879
2312.76417336879
2312.76417336879
2312.76417336879
2312.76417336879
2312.76417336879
2312.76417336879
2312.76417336879
2312.76417336879
2312.76417336879
2312.76417336879
2312.76417336879
2312.76417336879
2312.76417336879
2312.76417336879
2312.76417336879
2312.76417336879
2312.76417336879
2312.76417336879
2312.76417336879
2312.76417336879
2312.76417336879
2312.76417336879
2312.76417336879
2312.76417336879
2312.76417336879
2312.76417336879
2312.76417336879
2312.76417336879
2312.76417336879
2312.76417336879
2312.76417336879
2312.76417336879
2312.76417336879
2312.76417336879
2312.76417336879
2312.76417336879
2312.76417336879
2312.76417336879
2312.76417336879
2312.76417336879
2312.76417336879
2312.76417336879
2312.76417336879
2312.76417336879
2312.76417336879
2312.76417336879
2312.76417336879
2312.76417336879
2312.76417336879
2312.76417336879
2312.76417336879
2312.76417336879
2312.76417336879
2312.76417336879
2312.76417336879
2312.76417336879
2312.76417336879
2312.76417336879
2312.76417336879
2312.76417336879
2312.76417336879
2312.76417336879
2312.76417336879
2312.76417336879
2312.76417336879
2312.76417336879
2312.76417336879
2312.76417336879
2312.76417336879
2312.76417336879
2312.76417336879
2312.76417336879
2312.76417336879
2312.76417336879
2312.76417336879
2312.76417336879
2312.76417336879
2312.76417336879
2312.76417336879
2312.76417336879
2312.76417336879
2312.76417336879
2312.76417336879
2312.76417336879
2312.76417336879
2312.76417336879
2312.76417336879
2312.76417336879
2312.76417336879
2312.76417336879
2312.76417336879
2312.76417336879
2312.76417336879
2312.76417336879
2312.76417336879
2312.76417336879
2312.76417336879
2312.76417336879
2312.76417336879
2312.76417336879
2312.76417336879
2312.76417336879
2312.76417336879
2312.76417336879
2312.76417336879
2312.76417336879
2312.76417336879
2312.76417336879
2312.76417336879
2312.76417336879
2312.76417336879
2312.76417336879
2312.76417336879
2312.76417336879
2312.76417336879
2312.76417336879
2312.76417336879
2312.76417336879
2312.76417336879
2312.76417336879
2312.76417336879
2312.76417336879
2312.76417336879
2312.76417336879
2312.76417336879
2312.76417336879
2312.76417336879
2312.76417336879
2312.76417336879
2312.76417336879
2312.76417336879
2312.76417336879
2312.76417336879
2312.76417336879
2312.76417336879
2312.76417336879
2312.76417336879
2312.76417336879
2312.76417336879
2312.76417336879
2312.76417336879
2312.76417336879
2312.76417336879
2312.76417336879
2312.76417336879
2312.76417336879
2312.76417336879
2312.76417336879
2312.76417336879
2312.76417336879
2312.76417336879
2312.76417336879
2312.76417336879
2312.76417336879
2312.76417336879
2312.76417336879
2312.76417336879
2312.76417336879
2312.76417336879
2312.76417336879
2312.76417336879
2312.76417336879
2312.76417336879
2312.76417336879
2312.76417336879
2312.76417336879
2312.76417336879
2312.76417336879
2312.76417336879
2312.76417336879
2312.76417336879
2312.76417336879
2312.76417336879
2312.76417336879
2312.76417336879
2312.76417336879
2312.76417336879
2312.76417336879
2312.76417336879
2312.76417336879
2312.76417336879
2312.76417336879
2312.76417336879
2312.76417336879
2312.76417336879
2312.76417336879
2312.76417336879
2312.76417336879
2312.76417336879
2312.76417336879
2312.76417336879
2312.76417336879
2312.76417336879
2312.76417336879
2312.76417336879
2312.76417336879
2312.76417336879
2312.76417336879
2312.76417336879
2312.76417336879
2312.76417336879
2312.76417336879
2312.76417336879
2312.76417336879
2312.76417336879
2312.76417336879
2312.76417336879
2312.76417336879
2312.76417336879
2312.76417336879
2312.76417336879
2312.76417336879
2312.76417336879
2312.76417336879
2312.76417336879
2312.76417336879
2312.76417336879
2312.76417336879
2312.76417336879
2312.76417336879
2312.76417336879
2312.76417336879
2312.76417336879
2312.76417336879
2312.76417336879
2312.76417336879
2312.76417336879
2312.76417336879
2312.76417336879
2312.76417336879
2312.76417336879
2312.76417336879
2312.76417336879
2312.76417336879
2312.76417336879
2312.76417336879
2312.76417336879
2312.76417336879
2312.76417336879
2312.76417336879
2312.76417336879
2312.76417336879
2312.76417336879
2312.76417336879
2312.76417336879
2312.76417336879
2312.76417336879
2312.76417336879
2312.76417336879
2312.76417336879
2312.76417336879
2312.76417336879
2312.76417336879
2312.76417336879
2312.76417336879
2312.76417336879
2312.76417336879
2312.76417336879
2312.76417336879
2312.76417336879
2312.76417336879
2312.76417336879
2312.76417336879
2312.76417336879
2312.76417336879
2312.76417336879
2312.76417336879
2312.76417336879
2312.76417336879
2312.76417336879
2312.76417336879
2312.76417336879
2312.76417336879
2312.76417336879
2312.76417336879
2312.76417336879
2312.76417336879
2312.76417336879
2312.76417336879
2312.76417336879
2312.76417336879
2312.76417336879
2312.76417336879
2312.76417336879
2312.76417336879
2312.76417336879
2312.76417336879
2312.76417336879
2312.76417336879
2312.76417336879
2312.76417336879
2312.76417336879
2312.76417336879
2312.76417336879
2312.76417336879
2312.76417336879
2312.76417336879
2312.76417336879
2312.76417336879
2312.76417336879
2312.76417336879
2312.76417336879
2312.76417336879
2312.76417336879
2312.76417336879
2312.76417336879
2312.76417336879
2312.76417336879
2312.76417336879
2312.76417336879
2312.76417336879
2312.76417336879
2312.76417336879
2312.76417336879
2312.76417336879
2312.76417336879
2312.76417336879
2312.76417336879
2312.76417336879
2312.76417336879
2312.76417336879
2312.76417336879
2312.76417336879
2312.76417336879
2312.76417336879
2312.76417336879
2312.76417336879
2312.76417336879
2312.76417336879
2312.76417336879
2312.76417336879
2312.76417336879
2312.76417336879
2312.76417336879
2312.76417336879
2312.76417336879
2312.76417336879
2312.76417336879
2312.76417336879
2312.76417336879
2312.76417336879
2312.76417336879
2312.76417336879
2312.76417336879
2312.76417336879
2312.76417336879
2312.76417336879
2312.76417336879
2312.76417336879
2312.76417336879
2312.76417336879
2312.76417336879
2312.76417336879
2312.76417336879
2312.76417336879
2312.76417336879
2312.76417336879
2312.76417336879
2312.76417336879
2312.76417336879
2312.76417336879
2312.76417336879
2312.76417336879
2312.76417336879
2312.76417336879
2312.76417336879
2312.76417336879
2312.76417336879
2312.76417336879
2312.76417336879
2312.76417336879
2312.76417336879
2312.76417336879
2312.76417336879
2312.76417336879
2312.76417336879
2312.76417336879
2312.76417336879
2312.76417336879
2312.76417336879
2312.76417336879
2312.76417336879
2312.76417336879
2312.76417336879
2312.76417336879
2312.76417336879
2312.76417336879
2312.76417336879
2312.76417336879
2312.76417336879
2312.76417336879
2312.76417336879
2312.76417336879
2312.76417336879
2312.76417336879
2312.76417336879
2312.76417336879
2312.76417336879
2312.76417336879
2312.76417336879
2312.76417336879
2312.76417336879
2312.76417336879
2312.76417336879
2312.76417336879
2312.76417336879
2312.76417336879
2312.76417336879
2312.76417336879
2312.76417336879
2312.76417336879
2312.76417336879
2312.76417336879
2312.76417336879
2312.76417336879
2312.76417336879
2312.76417336879
2312.76417336879
2312.76417336879
2312.76417336879
2312.76417336879
2312.76417336879
2312.76417336879
2312.76417336879
2312.76417336879
2312.76417336879
2312.76417336879
2312.76417336879
2312.76417336879
2312.76417336879
2312.76417336879
2312.76417336879
2312.76417336879
2312.76417336879
2312.76417336879
2312.76417336879
2312.76417336879
2312.76417336879
2312.76417336879
2312.76417336879
2312.76417336879
2312.76417336879
2312.76417336879
2312.76417336879
2312.76417336879
2312.76417336879
2312.76417336879
2312.76417336879
2312.76417336879
2312.76417336879
2312.76417336879
2312.76417336879
2312.76417336879
2312.76417336879
2312.76417336879
2312.76417336879
2312.76417336879
2312.76417336879
2312.76417336879
2312.76417336879
2312.76417336879
2312.76417336879
2312.76417336879
2312.76417336879
2312.76417336879
2312.76417336879
2312.76417336879
2312.76417336879
2312.76417336879
2312.76417336879
2312.76417336879
2312.76417336879
2312.76417336879
2312.76417336879
2312.76417336879
2312.76417336879
2312.76417336879
2312.76417336879
2312.76417336879
2312.76417336879
2312.76417336879
2312.76417336879
2312.76417336879
2312.76417336879
2312.76417336879
2312.76417336879
2312.76417336879
2312.76417336879
2312.76417336879
2312.76417336879
2312.76417336879
2312.76417336879
2312.76417336879
2312.76417336879
2312.76417336879
2312.76417336879
2312.76417336879
2312.76417336879
2312.76417336879
2312.76417336879
2312.76417336879
2312.76417336879
2312.76417336879
2312.76417336879
2312.76417336879
2312.76417336879
2312.76417336879
2312.76417336879
2312.76417336879
2312.76417336879
2312.76417336879
2312.76417336879
2312.76417336879
2312.76417336879
2312.76417336879
2312.76417336879
2312.76417336879
2312.76417336879
2312.76417336879
2312.76417336879
2312.76417336879
2312.76417336879
2312.76417336879
2312.76417336879
2312.76417336879
2312.76417336879
2312.76417336879
2312.76417336879
2312.76417336879
2312.76417336879
2312.76417336879
2312.76417336879
2312.76417336879
2312.76417336879
2312.76417336879
2312.76417336879
2312.76417336879
2312.76417336879
2312.76417336879
2312.76417336879
2312.76417336879
2312.76417336879
2312.76417336879
2312.76417336879
2312.76417336879
2312.76417336879
2312.76417336879
2312.76417336879
2312.76417336879
2312.76417336879
2312.76417336879
2312.76417336879
2312.76417336879
2312.76417336879
2312.76417336879
2312.76417336879
2312.76417336879
2312.76417336879
2312.76417336879
2312.76417336879
2312.76417336879
2312.76417336879
2312.76417336879
2312.76417336879
2312.76417336879
2312.76417336879
2312.76417336879
2312.76417336879
2312.76417336879
2312.76417336879
2312.76417336879
2312.76417336879
2312.76417336879
2312.76417336879
2312.76417336879
2312.76417336879
2312.76417336879
2312.76417336879
2312.76417336879
2312.76417336879
2312.76417336879
2312.76417336879
2312.76417336879
2312.76417336879
2312.76417336879
2312.76417336879
2312.76417336879
2312.76417336879
2312.76417336879
2312.76417336879
2312.76417336879
2312.76417336879
2312.76417336879
2312.76417336879
2312.76417336879
2312.76417336879
2312.76417336879
2312.76417336879
2312.76417336879
2312.76417336879
2312.76417336879
2312.76417336879
2312.76417336879
2312.76417336879
2312.76417336879
2312.76417336879
2312.76417336879
2312.76417336879
2312.76417336879
2312.76417336879
2312.76417336879
2312.76417336879
2312.76417336879
2312.76417336879
2312.76417336879
2312.76417336879
2312.76417336879
2312.76417336879
2312.76417336879
2312.76417336879
2312.76417336879
2312.76417336879
2312.76417336879
2312.76417336879
2312.76417336879
2312.76417336879
2312.76417336879
2312.76417336879
2312.76417336879
2312.76417336879
2312.76417336879
2312.76417336879
2312.76417336879
2312.76417336879
2312.76417336879
2312.76417336879
2312.76417336879
2312.76417336879
2312.76417336879
2312.76417336879
2312.76417336879
2312.76417336879
2312.76417336879
2312.76417336879
2312.76417336879
2312.76417336879
2312.76417336879
2312.76417336879
2312.76417336879
2312.76417336879
2312.76417336879
2312.76417336879
2312.76417336879
2312.76417336879
2312.76417336879
2312.76417336879
2312.76417336879
2312.76417336879
2312.76417336879
2312.76417336879
2312.76417336879
2312.76417336879
2312.76417336879
2312.76417336879
2312.76417336879
2312.76417336879
2312.76417336879
2312.76417336879
2312.76417336879
2312.76417336879
2312.76417336879
2312.76417336879
2312.76417336879
2312.76417336879
2312.76417336879
2312.76417336879
2312.76417336879
2312.76417336879
2312.76417336879
2312.76417336879
2312.76417336879
2312.76417336879
2312.76417336879
2312.76417336879
2312.76417336879
2312.76417336879
2312.76417336879
2312.76417336879
2312.76417336879
2312.76417336879
2312.76417336879
2312.76417336879
2312.76417336879
2312.76417336879
2312.76417336879
2312.76417336879
2312.76417336879
2312.76417336879
2312.76417336879
2312.76417336879
2312.76417336879
2312.76417336879
2312.76417336879
2312.76417336879
2312.76417336879
2312.76417336879
2312.76417336879
2312.76417336879
2312.76417336879
2312.76417336879
2312.76417336879
2312.76417336879
2312.76417336879
2312.76417336879
2312.76417336879
2312.76417336879
2312.76417336879
2312.76417336879
2312.76417336879
2312.76417336879
2312.76417336879
2312.76417336879
2312.76417336879
2312.76417336879
2312.76417336879
2312.76417336879
2312.76417336879
2312.76417336879
2312.76417336879
2312.76417336879
2312.76417336879
2312.76417336879
2312.76417336879
2312.76417336879
2312.76417336879
2312.76417336879
2312.76417336879
2312.76417336879
2312.76417336879
2312.76417336879
2312.76417336879
2312.76417336879
2312.76417336879
2312.76417336879
2312.76417336879
2312.76417336879
2312.76417336879
2312.76417336879
2312.76417336879
2312.76417336879
2312.76417336879
2312.76417336879
2312.76417336879
2312.76417336879
2312.76417336879
2312.76417336879
2312.76417336879
2312.76417336879
2312.76417336879
2312.76417336879
2312.76417336879
2312.76417336879
2312.76417336879
2312.76417336879
2312.76417336879
2312.76417336879
2312.76417336879
2312.76417336879
2312.76417336879
2312.76417336879
2312.76417336879
2312.76417336879
2312.76417336879
2312.76417336879
2312.76417336879
2312.76417336879
2312.76417336879
2312.76417336879
2312.76417336879
2312.76417336879
2312.76417336879
2312.76417336879
2312.76417336879
2312.76417336879
2312.76417336879
2312.76417336879
2312.76417336879
2312.76417336879
2312.76417336879
2312.76417336879
2312.76417336879
2312.76417336879
2312.76417336879
2312.76417336879
2312.76417336879
2312.76417336879
2312.76417336879
2312.76417336879
2312.76417336879
2312.76417336879
2312.76417336879
2312.76417336879
2312.76417336879
2312.76417336879
2312.76417336879
2312.76417336879
2312.76417336879
2312.76417336879
2312.76417336879
2312.76417336879
2312.76417336879
2312.76417336879
2312.76417336879
2312.76417336879
2312.76417336879
2312.76417336879
2312.76417336879
2312.76417336879
2312.76417336879
2312.76417336879
2312.76417336879
2312.76417336879
2312.76417336879
2312.76417336879
2312.76417336879
2312.76417336879
2312.76417336879
2312.76417336879
2312.76417336879
2312.76417336879
2312.76417336879
2312.76417336879
2312.76417336879
2312.76417336879
2312.76417336879
2312.76417336879
2312.76417336879
2312.76417336879
2312.76417336879
2312.76417336879
2312.76417336879
2312.76417336879
2312.76417336879
2312.76417336879
2312.76417336879
2312.76417336879
2312.76417336879
2312.76417336879
2312.76417336879
2312.76417336879
2312.76417336879
2312.76417336879
2312.76417336879
2312.76417336879
2312.76417336879
2312.76417336879
2312.76417336879
2312.76417336879
2312.76417336879
2312.76417336879
2312.76417336879
2312.76417336879
2312.76417336879
2312.76417336879
2312.76417336879
2312.76417336879
2312.76417336879
2312.76417336879
2312.76417336879
2312.76417336879
2312.76417336879
2312.76417336879
2312.76417336879
2312.76417336879
2312.76417336879
2312.76417336879
2312.76417336879
2312.76417336879
2312.76417336879
2312.76417336879
2312.76417336879
2312.76417336879
2312.76417336879
2312.76417336879
2312.76417336879
2312.76417336879
2312.76417336879
2312.76417336879
2312.76417336879
2312.76417336879
2312.76417336879
2312.76417336879
2312.76417336879
2312.76417336879
2312.76417336879
2312.76417336879
2312.76417336879
2312.76417336879
2312.76417336879
2312.76417336879
2312.76417336879
2312.76417336879
2312.76417336879
2312.76417336879
2312.76417336879
2312.76417336879
2312.76417336879
2312.76417336879
2312.76417336879
2312.76417336879
2312.76417336879
2312.76417336879
2312.76417336879
2312.76417336879
2312.76417336879
2312.76417336879
2312.76417336879
2312.76417336879
2312.76417336879
2312.76417336879
2312.76417336879
2312.76417336879
2312.76417336879
2312.76417336879
2312.76417336879
2312.76417336879
2312.76417336879
2312.76417336879
2312.76417336879
2312.76417336879
2312.76417336879
2312.76417336879
2312.76417336879
2312.76417336879
2312.76417336879
2312.76417336879
2312.76417336879
2312.76417336879
2312.76417336879
2312.76417336879
2312.76417336879
2312.76417336879
2312.76417336879
2312.76417336879
2312.76417336879
2312.76417336879
2312.76417336879
2312.76417336879
2312.76417336879
2312.76417336879
2312.76417336879
2312.76417336879
2312.76417336879
2312.76417336879
2312.76417336879
2312.76417336879
2312.76417336879
2312.76417336879
2312.76417336879
2312.76417336879
2312.76417336879
2312.76417336879
2312.76417336879
2312.76417336879
2312.76417336879
2312.76417336879
2312.76417336879
2312.76417336879
2312.76417336879
2312.76417336879
2312.76417336879
2312.76417336879
2312.76417336879
2312.76417336879
2312.76417336879
2312.76417336879
2312.76417336879
2312.76417336879
2312.76417336879
2312.76417336879
2312.76417336879
2312.76417336879
2312.76417336879
2312.76417336879
2312.76417336879
2312.76417336879
2312.76417336879
2312.76417336879
2312.76417336879
2312.76417336879
2312.76417336879
2312.76417336879
2312.76417336879
2312.76417336879
2312.76417336879
2312.76417336879
2312.76417336879
2312.76417336879
2312.76417336879
2312.76417336879
2312.76417336879
2312.76417336879
2312.76417336879
2312.76417336879
2312.76417336879
2312.76417336879
2312.76417336879
2312.76417336879
2312.76417336879
2312.76417336879
2312.76417336879
2312.76417336879
2312.76417336879
2312.76417336879
2312.76417336879
2312.76417336879
2312.76417336879
2312.76417336879
2312.76417336879
2312.76417336879
2312.76417336879
2312.76417336879
2312.76417336879
2312.76417336879
2312.76417336879
2312.76417336879
2312.76417336879
2312.76417336879
2312.76417336879
2312.76417336879
2312.76417336879
2312.76417336879
2312.76417336879
2312.76417336879
2312.76417336879
2312.76417336879
2312.76417336879
2312.76417336879
2312.76417336879
2312.76417336879
2312.76417336879
2312.76417336879
2312.76417336879
2312.76417336879
2312.76417336879
2312.76417336879
2312.76417336879
2312.76417336879
2312.76417336879
2312.76417336879
2312.76417336879
2312.76417336879
2312.76417336879
2312.76417336879
2312.76417336879
2312.76417336879
2312.76417336879
2312.76417336879
2312.76417336879
2312.76417336879
2312.76417336879
2312.76417336879
2312.76417336879
2312.76417336879
2312.76417336879
2312.76417336879
2312.76417336879
2312.76417336879
2312.76417336879
2312.76417336879
2312.76417336879
2312.76417336879
2312.76417336879
2312.76417336879
2312.76417336879
2312.76417336879
2312.76417336879
2312.76417336879
2312.76417336879
2312.76417336879
2312.76417336879
2312.76417336879
2312.76417336879
2312.76417336879
2312.76417336879
2312.76417336879
2312.76417336879
2312.76417336879
2312.76417336879
2312.76417336879
2312.76417336879
2312.76417336879
2312.76417336879
2312.76417336879
2312.76417336879
2312.76417336879
2312.76417336879
2312.76417336879
2312.76417336879
2312.76417336879
2312.76417336879
2312.76417336879
2312.76417336879
2312.76417336879
2312.76417336879
2312.76417336879
2312.76417336879
2312.76417336879
2312.76417336879
2312.76417336879
2312.76417336879
2312.76417336879
2312.76417336879
2312.76417336879
2312.76417336879
2312.76417336879
2312.76417336879
2312.76417336879
2312.76417336879
2312.76417336879
2312.76417336879
2312.76417336879
2312.76417336879
2312.76417336879
2312.76417336879
2312.76417336879
2312.76417336879
2312.76417336879
2312.76417336879
2312.76417336879
2312.76417336879
2312.76417336879
2312.76417336879
2312.76417336879
2312.76417336879
2312.76417336879
2312.76417336879
2312.76417336879
2312.76417336879
2312.76417336879
2312.76417336879
2312.76417336879
2312.76417336879
2312.76417336879
2312.76417336879
2312.76417336879
2312.76417336879
2312.76417336879
2312.76417336879
2312.76417336879
2312.76417336879
2312.76417336879
2312.76417336879
2312.76417336879
2312.76417336879
2312.76417336879
2312.76417336879
2312.76417336879
2312.76417336879
2312.76417336879
2312.76417336879
2312.76417336879
2312.76417336879
2312.76417336879
2312.76417336879
2312.76417336879
2312.76417336879
2312.76417336879
2312.76417336879
2312.76417336879
2312.76417336879
2312.76417336879
2312.76417336879
2312.76417336879
2312.76417336879
2312.76417336879
2312.76417336879
2312.76417336879
2312.76417336879
2312.76417336879
2312.76417336879
2312.76417336879
2312.76417336879
2312.76417336879
2312.76417336879
2312.76417336879
2312.76417336879
2312.76417336879
2312.76417336879
2312.76417336879
2312.76417336879
2312.76417336879
2312.76417336879
2312.76417336879
2312.76417336879
2312.76417336879
2312.76417336879
2312.76417336879
2312.76417336879
2312.76417336879
2312.76417336879
2312.76417336879
2312.76417336879
2312.76417336879
2312.76417336879
2312.76417336879
2312.76417336879
2312.76417336879
2312.76417336879
2312.76417336879
2312.76417336879
2312.76417336879
2312.76417336879
2312.76417336879
2312.76417336879
2312.76417336879
2312.76417336879
2312.76417336879
2312.76417336879
2312.76417336879
2312.76417336879
2312.76417336879
2312.76417336879
2312.76417336879
2312.76417336879
2312.76417336879
2312.76417336879
2312.76417336879
2312.76417336879
2312.76417336879
2312.76417336879
2312.76417336879
2312.76417336879
2312.76417336879
2312.76417336879
2312.76417336879
2312.76417336879
2312.76417336879
2312.76417336879
2312.76417336879
2312.76417336879
2312.76417336879
2312.76417336879
2312.76417336879
2312.76417336879
2312.76417336879
2312.76417336879
2312.76417336879
2312.76417336879
2312.76417336879
2312.76417336879
2312.76417336879
2312.76417336879
2312.76417336879
2312.76417336879
2312.76417336879
2312.76417336879
2312.76417336879
2312.76417336879
2312.76417336879
2312.76417336879
2312.76417336879
2312.76417336879
2312.76417336879
2312.76417336879
2312.76417336879
2312.76417336879
2312.76417336879
2312.76417336879
2312.76417336879
2312.76417336879
2312.76417336879
2312.76417336879
2312.76417336879
2312.76417336879
2312.76417336879
2312.76417336879
2312.76417336879
2312.76417336879
2312.76417336879
2312.76417336879
2312.76417336879
2312.76417336879
2312.76417336879
2312.76417336879
2312.76417336879
2312.76417336879
2312.76417336879
2312.76417336879
2312.76417336879
2312.76417336879
2312.76417336879
2312.76417336879
2312.76417336879
2312.76417336879
2312.76417336879
2312.76417336879
2312.76417336879
2312.76417336879
2312.76417336879
2312.76417336879
2312.76417336879
2312.76417336879
2312.76417336879
2312.76417336879
2312.76417336879
2312.76417336879
2312.76417336879
2312.76417336879
2312.76417336879
2312.76417336879
2312.76417336879
2312.76417336879
2312.76417336879
2312.76417336879
2312.76417336879
2312.76417336879
2312.76417336879
2312.76417336879
2312.76417336879
2312.76417336879
2312.76417336879
2312.76417336879
2312.76417336879
2312.76417336879
2312.76417336879
2312.76417336879
2312.76417336879
2312.76417336879
2312.76417336879
2312.76417336879
2312.76417336879
2312.76417336879
2312.76417336879
2312.76417336879
2312.76417336879
2312.76417336879
2312.76417336879
2312.76417336879
2312.76417336879
2312.76417336879
2312.76417336879
2312.76417336879
2312.76417336879
2312.76417336879
2312.76417336879
2312.76417336879
2312.76417336879
2312.76417336879
2312.76417336879
2312.76417336879
2312.76417336879
2312.76417336879
2312.76417336879
2312.76417336879
2312.76417336879
2312.76417336879
2312.76417336879
2312.76417336879
2312.76417336879
2312.76417336879
2312.76417336879
2312.76417336879
2312.76417336879
2312.76417336879
2312.76417336879
2312.76417336879
2312.76417336879
2312.76417336879
2312.76417336879
2312.76417336879
2312.76417336879
2312.76417336879
2312.76417336879
2312.76417336879
2312.76417336879
2312.76417336879
2312.76417336879
2312.76417336879
2312.76417336879
2312.76417336879
2312.76417336879
2312.76417336879
2312.76417336879
2312.76417336879
2312.76417336879
2312.76417336879
2312.76417336879
2312.76417336879
2312.76417336879
2312.76417336879
2312.76417336879
2312.76417336879
2312.76417336879
2312.76417336879
2312.76417336879
2312.76417336879
2312.76417336879
2312.76417336879
2312.76417336879
2312.76417336879
2312.76417336879
2312.76417336879
2312.76417336879
2312.76417336879
2312.76417336879
2312.76417336879
2312.76417336879
2312.76417336879
2312.76417336879
2312.76417336879
2312.76417336879
2312.76417336879
2312.76417336879
2312.76417336879
2312.76417336879
2312.76417336879
2312.76417336879
2312.76417336879
2312.76417336879
2312.76417336879
2312.76417336879
2312.76417336879
2312.76417336879
2312.76417336879
2312.76417336879
2312.76417336879
2312.76417336879
2312.76417336879
2312.76417336879
2312.76417336879
2312.76417336879
2312.76417336879
2312.76417336879
2312.76417336879
2312.76417336879
2312.76417336879
2312.76417336879
2312.76417336879
2312.76417336879
2312.76417336879
2312.76417336879
2312.76417336879
2312.76417336879
2312.76417336879
2312.76417336879
2312.76417336879
2312.76417336879
2312.76417336879
2312.76417336879
2312.76417336879
2312.76417336879
2312.76417336879
2312.76417336879
2312.76417336879
2312.76417336879
2312.76417336879
2312.76417336879
2312.76417336879
2312.76417336879
2312.76417336879
2312.76417336879
2312.76417336879
2312.76417336879
2312.76417336879
2312.76417336879
2312.76417336879
2312.76417336879
2312.76417336879
2312.76417336879
2312.76417336879
2312.76417336879
2312.76417336879
2312.76417336879
2312.76417336879
2312.76417336879
2312.76417336879
2312.76417336879
2312.76417336879
2312.76417336879
2312.76417336879
2312.76417336879
2312.76417336879
2312.76417336879
2312.76417336879
2312.76417336879
2312.76417336879
2312.76417336879
2312.76417336879
2312.76417336879
2312.76417336879
2312.76417336879
2312.76417336879
2312.76417336879
2312.76417336879
2312.76417336879
2312.76417336879
2312.76417336879
2312.76417336879
2312.76417336879
2312.76417336879
2312.76417336879
2312.76417336879
2312.76417336879
2312.76417336879
2312.76417336879
2312.76417336879
2312.76417336879
2312.76417336879
2312.76417336879
2312.76417336879
2312.76417336879
2312.76417336879
2312.76417336879
2312.76417336879
2312.76417336879
2312.76417336879
2312.76417336879
2312.76417336879
2312.76417336879
2312.76417336879
2312.76417336879
2312.76417336879
2312.76417336879
2312.76417336879
2312.76417336879
2312.76417336879
2312.76417336879
2312.76417336879
2312.76417336879
2312.76417336879
2312.76417336879
2312.76417336879
2312.76417336879
2312.76417336879
2312.76417336879
2312.76417336879
2312.76417336879
2312.76417336879
2312.76417336879
2312.76417336879
2312.76417336879
2312.76417336879
2312.76417336879
2312.76417336879
2312.76417336879
2312.76417336879
2312.76417336879
2312.76417336879
2312.76417336879
2312.76417336879
2312.76417336879
2312.76417336879
2312.76417336879
2312.76417336879
2312.76417336879
2312.76417336879
2312.76417336879
2312.76417336879
2312.76417336879
2312.76417336879
2312.76417336879
2312.76417336879
2312.76417336879
2312.76417336879
2312.76417336879
2312.76417336879
2312.76417336879
2312.76417336879
2312.76417336879
2312.76417336879
2312.76417336879
2312.76417336879
2312.76417336879
2312.76417336879
2312.76417336879
2312.76417336879
2312.76417336879
2312.76417336879
2312.76417336879
2312.76417336879
2312.76417336879
2312.76417336879
2312.76417336879
2312.76417336879
2312.76417336879
2312.76417336879
2312.76417336879
2312.76417336879
2312.76417336879
2312.76417336879
2312.76417336879
2312.76417336879
2312.76417336879
2312.76417336879
2312.76417336879
2312.76417336879
2312.76417336879
2312.76417336879
2312.76417336879
2312.76417336879
2312.76417336879
2312.76417336879
2312.76417336879
2312.76417336879
2312.76417336879
2312.76417336879
2312.76417336879
2312.76417336879
2312.76417336879
2312.76417336879
2312.76417336879
2312.76417336879
2312.76417336879
2312.76417336879
2312.76417336879
2312.76417336879
2312.76417336879
2312.76417336879
2312.76417336879
2312.76417336879
2312.76417336879
2312.76417336879
2312.76417336879
2312.76417336879
2312.76417336879
2312.76417336879
2312.76417336879
2312.76417336879
2312.76417336879
2312.76417336879
2312.76417336879
2312.76417336879
2312.76417336879
2312.76417336879
2312.76417336879
2312.76417336879
2312.76417336879
2312.76417336879
2312.76417336879
2312.76417336879
2312.76417336879
2312.76417336879
2312.76417336879
2312.76417336879
2312.76417336879
2312.76417336879
2312.76417336879
2312.76417336879
2312.76417336879
2312.76417336879
2312.76417336879
2312.76417336879
2312.76417336879
2312.76417336879
2312.76417336879
2312.76417336879
2312.76417336879
2312.76417336879
2312.76417336879
2312.76417336879
2312.76417336879
2312.76417336879
2312.76417336879
2312.76417336879
2312.76417336879
2312.76417336879
2312.76417336879
2312.76417336879
2312.76417336879
2312.76417336879
2312.76417336879
2312.76417336879
2312.76417336879
2312.76417336879
2312.76417336879
2312.76417336879
2312.76417336879
2312.76417336879
2312.76417336879
2312.76417336879
2312.76417336879
2312.76417336879
2312.76417336879
2312.76417336879
2312.76417336879
2312.76417336879
2312.76417336879
2312.76417336879
2312.76417336879
2312.76417336879
2312.76417336879
2312.76417336879
2312.76417336879
2312.76417336879
2312.76417336879
2312.76417336879
2312.76417336879
2312.76417336879
2312.76417336879
2312.76417336879
2312.76417336879
2312.76417336879
2312.76417336879
2312.76417336879
2312.76417336879
2312.76417336879
2312.76417336879
2312.76417336879
2312.76417336879
2312.76417336879
2312.76417336879
2312.76417336879
2312.76417336879
2312.76417336879
2312.76417336879
2312.76417336879
2312.76417336879
2312.76417336879
2312.76417336879
2312.76417336879
2312.76417336879
2312.76417336879
2312.76417336879
2312.76417336879
2312.76417336879
2312.76417336879
2312.76417336879
2312.76417336879
2312.76417336879
2312.76417336879
2312.76417336879
2312.76417336879
2312.76417336879
2312.76417336879
2312.76417336879
2312.76417336879
2312.76417336879
2312.76417336879
2312.76417336879
2312.76417336879
2312.76417336879
2312.76417336879
2312.76417336879
2312.76417336879
2312.76417336879
2312.76417336879
2312.76417336879
2312.76417336879
2312.76417336879
2312.76417336879
2312.76417336879
2312.76417336879
2312.76417336879
2312.76417336879
2312.76417336879
2312.76417336879
2312.76417336879
2312.76417336879
2312.76417336879
2312.76417336879
2312.76417336879
2312.76417336879
2312.76417336879
2312.76417336879
2312.76417336879
2312.76417336879
2312.76417336879
2312.76417336879
2312.76417336879
2312.76417336879
2312.76417336879
2312.76417336879
2312.76417336879
2312.76417336879
2312.76417336879
2312.76417336879
2312.76417336879
2312.76417336879
2312.76417336879
2312.76417336879
2312.76417336879
2312.76417336879
2312.76417336879
2312.76417336879
2312.76417336879
2312.76417336879
2312.76417336879
2312.76417336879
2312.76417336879
2312.76417336879
2312.76417336879
2312.76417336879
2312.76417336879
2312.76417336879
2312.76417336879
2312.76417336879
2312.76417336879
2312.76417336879
2312.76417336879
2312.76417336879
2312.76417336879
2312.76417336879
2312.76417336879
2312.76417336879
2312.76417336879
2312.76417336879
2312.76417336879
2312.76417336879
2312.76417336879
2312.76417336879
2312.76417336879
2312.76417336879
2312.76417336879
2312.76417336879
2312.76417336879
2312.76417336879
2312.76417336879
2312.76417336879
2312.76417336879
2312.76417336879
2312.76417336879
2312.76417336879
2312.76417336879
2312.76417336879
2312.76417336879
2312.76417336879
2312.76417336879
2312.76417336879
2312.76417336879
2312.76417336879
2312.76417336879
2312.76417336879
2312.76417336879
2312.76417336879
2312.76417336879
2312.76417336879
2312.76417336879
2312.76417336879
2312.76417336879
2312.76417336879
2312.76417336879
2312.76417336879
2312.76417336879
2312.76417336879
2312.76417336879
2312.76417336879
2312.76417336879
2312.76417336879
2312.76417336879
2312.76417336879
2312.76417336879
2312.76417336879
2312.76417336879
2312.76417336879
2312.76417336879
2312.76417336879
2312.76417336879
2312.76417336879
2312.76417336879
2312.76417336879
2312.76417336879
2312.76417336879
2312.76417336879
2312.76417336879
2312.76417336879
2312.76417336879
2312.76417336879
2312.76417336879
2312.76417336879
2312.76417336879
2312.76417336879
2312.76417336879
2312.76417336879
2312.76417336879
2312.76417336879
2312.76417336879
2312.76417336879
2312.76417336879
2312.76417336879
2312.76417336879
2312.76417336879
2312.76417336879
2312.76417336879
2312.76417336879
2312.76417336879
2312.76417336879
2312.76417336879
2312.76417336879
2312.76417336879
2312.76417336879
2312.76417336879
2312.76417336879
2312.76417336879
2312.76417336879
2312.76417336879
2312.76417336879
2312.76417336879
2312.76417336879
2312.76417336879
2312.76417336879
2312.76417336879
2312.76417336879
2312.76417336879
2312.76417336879
2312.76417336879
2312.76417336879
2312.76417336879
2312.76417336879
2312.76417336879
2312.76417336879
2312.76417336879
2312.76417336879
2312.76417336879
2312.76417336879
2312.76417336879
2312.76417336879
2312.76417336879
2312.76417336879
2312.76417336879
2312.76417336879
2312.76417336879
2312.76417336879
2312.76417336879
2312.76417336879
2312.76417336879
2312.76417336879
2312.76417336879
2312.76417336879
2312.76417336879
2312.76417336879
2312.76417336879
2312.76417336879
2312.76417336879
2312.76417336879
2312.76417336879
2312.76417336879
2312.76417336879
2312.76417336879
2312.76417336879
2312.76417336879
2312.76417336879
2312.76417336879
2312.76417336879
2312.76417336879
2312.76417336879
2312.76417336879
2312.76417336879
2312.76417336879
2312.76417336879
2312.76417336879
2312.76417336879
2312.76417336879
2312.76417336879
2312.76417336879
2312.76417336879
2312.76417336879
2312.76417336879
2312.76417336879
2312.76417336879
2312.76417336879
2312.76417336879
2312.76417336879
2312.76417336879
2312.76417336879
2312.76417336879
2312.76417336879
2312.76417336879
2312.76417336879
2312.76417336879
2312.76417336879
2312.76417336879
2312.76417336879
2312.76417336879
2312.76417336879
2312.76417336879
2312.76417336879
2312.76417336879
2312.76417336879
2312.76417336879
2312.76417336879
2312.76417336879
2312.76417336879
2312.76417336879
2312.76417336879
2312.76417336879
2312.76417336879
2312.76417336879
2312.76417336879
2312.76417336879
2312.76417336879
2312.76417336879
2312.76417336879
2312.76417336879
2312.76417336879
2312.76417336879
2312.76417336879
2312.76417336879
2312.76417336879
2312.76417336879
2312.76417336879
2312.76417336879
2312.76417336879
2312.76417336879
2312.76417336879
2312.76417336879
2312.76417336879
2312.76417336879
2312.76417336879
2312.76417336879
2312.76417336879
2312.76417336879
2312.76417336879
2312.76417336879
2312.76417336879
2312.76417336879
2312.76417336879
2312.76417336879
2312.76417336879
2312.76417336879
2312.76417336879
2312.76417336879
2312.76417336879
2312.76417336879
2312.76417336879
2312.76417336879
2312.76417336879
2312.76417336879
2312.76417336879
2312.76417336879
2312.76417336879
2312.76417336879
2312.76417336879
2312.76417336879
2312.76417336879
2312.76417336879
2312.76417336879
2312.76417336879
2312.76417336879
2312.76417336879
2312.76417336879
2312.76417336879
2312.76417336879
2312.76417336879
2312.76417336879
2312.76417336879
2312.76417336879
2312.76417336879
2312.76417336879
2312.76417336879
2312.76417336879
2312.76417336879
2312.76417336879
2312.76417336879
2312.76417336879
2312.76417336879
2312.76417336879
2312.76417336879
2312.76417336879
2312.76417336879
2312.76417336879
2312.76417336879
2312.76417336879
2312.76417336879
2312.76417336879
2312.76417336879
2312.76417336879
2312.76417336879
2312.76417336879
2312.76417336879
2312.76417336879
2312.76417336879
2312.76417336879
2312.76417336879
2312.76417336879
2312.76417336879
2312.76417336879
2312.76417336879
2312.76417336879
2312.76417336879
2312.76417336879
2312.76417336879
2312.76417336879
2312.76417336879
2312.76417336879
2312.76417336879
2312.76417336879
2312.76417336879
2312.76417336879
2312.76417336879
2312.76417336879
2312.76417336879
2312.76417336879
2312.76417336879
2312.76417336879
2312.76417336879
2312.76417336879
2312.76417336879
2312.76417336879
2312.76417336879
2312.76417336879
2312.76417336879
2312.76417336879
2312.76417336879
2312.76417336879
2312.76417336879
2312.76417336879
2312.76417336879
2312.76417336879
2312.76417336879
2312.76417336879
2312.76417336879
2312.76417336879
2312.76417336879
2312.76417336879
2312.76417336879
2312.76417336879
2312.76417336879
2312.76417336879
2312.76417336879
2312.76417336879
2312.76417336879
2312.76417336879
2312.76417336879
2312.76417336879
2312.76417336879
2312.76417336879
2312.76417336879
2312.76417336879
2312.76417336879
2312.76417336879
2312.76417336879
2312.76417336879
2312.76417336879
2312.76417336879
2312.76417336879
2312.76417336879
2312.76417336879
2312.76417336879
2312.76417336879
2312.76417336879
2312.76417336879
2312.76417336879
2312.76417336879
2312.76417336879
2312.76417336879
2312.76417336879
2312.76417336879
2312.76417336879
2312.76417336879
2312.76417336879
2312.76417336879
2312.76417336879
2312.76417336879
2312.76417336879
2312.76417336879
2312.76417336879
2312.76417336879
2312.76417336879
2312.76417336879
2312.76417336879
2312.76417336879
2312.76417336879
2312.76417336879
2312.76417336879
2312.76417336879
2312.76417336879
2312.76417336879
2312.76417336879
2312.76417336879
2312.76417336879
2312.76417336879
2312.76417336879
2312.76417336879
2312.76417336879
2312.76417336879
2312.76417336879
2312.76417336879
2312.76417336879
2312.76417336879
2312.76417336879
2312.76417336879
2312.76417336879
2312.76417336879
2312.76417336879
2312.76417336879
2312.76417336879
2312.76417336879
2312.76417336879
2312.76417336879
2312.76417336879
2312.76417336879
2312.76417336879
2312.76417336879
2312.76417336879
2312.76417336879
2312.76417336879
2312.76417336879
2312.76417336879
2312.76417336879
2312.76417336879
2312.76417336879
2312.76417336879
2312.76417336879
2312.76417336879
2312.76417336879
2312.76417336879
2312.76417336879
2312.76417336879
2312.76417336879
2312.76417336879
2312.76417336879
2312.76417336879
2312.76417336879
2312.76417336879
2312.76417336879
2312.76417336879
2312.76417336879
2312.76417336879
2312.76417336879
2312.76417336879
2312.76417336879
2312.76417336879
2312.76417336879
2312.76417336879
2312.76417336879
2312.76417336879
2312.76417336879
2312.76417336879
2312.76417336879
2312.76417336879
2312.76417336879
2312.76417336879
2312.76417336879
2312.76417336879
2312.76417336879
2312.76417336879
2312.76417336879
2312.76417336879
2312.76417336879
2312.76417336879
2312.76417336879
2312.76417336879
2312.76417336879
2312.76417336879
2312.76417336879
2312.76417336879
2312.76417336879
2312.76417336879
2312.76417336879
2312.76417336879
2312.76417336879
2312.76417336879
2312.76417336879
2312.76417336879
2312.76417336879
2312.76417336879
2312.76417336879
2312.76417336879
2312.76417336879
2312.76417336879
2312.76417336879
2312.76417336879
2312.76417336879
2312.76417336879
2312.76417336879
2312.76417336879
2312.76417336879
2312.76417336879
2312.76417336879
2312.76417336879
2312.76417336879
2312.76417336879
2312.76417336879
2312.76417336879
2312.76417336879
2312.76417336879
2312.76417336879
2312.76417336879
2312.76417336879
2312.76417336879
2312.76417336879
2312.76417336879
2312.76417336879
2312.76417336879
2312.76417336879
2312.76417336879
2312.76417336879
2312.76417336879
2312.76417336879
2312.76417336879
2312.76417336879
2312.76417336879
2312.76417336879
2312.76417336879
2312.76417336879
2312.76417336879
2312.76417336879
2312.76417336879
2312.76417336879
2312.76417336879
2312.76417336879
2312.76417336879
2312.76417336879
2312.76417336879
2312.76417336879
2312.76417336879
2312.76417336879
2312.76417336879
2312.76417336879
2312.76417336879
2312.76417336879
2312.76417336879
2312.76417336879
2312.76417336879
2312.76417336879
2312.76417336879
2312.76417336879
2312.76417336879
2312.76417336879
2312.76417336879
2312.76417336879
2312.76417336879
2312.76417336879
2312.76417336879
2312.76417336879
2312.76417336879
2312.76417336879
2312.76417336879
2312.76417336879
2312.76417336879
2312.76417336879
2312.76417336879
2312.76417336879
2312.76417336879
2312.76417336879
2312.76417336879
2312.76417336879
2312.76417336879
2312.76417336879
2312.76417336879
2312.76417336879
2312.76417336879
2312.76417336879
2312.76417336879
2312.76417336879
2312.76417336879
2312.76417336879
2312.76417336879
2312.76417336879
2312.76417336879
2312.76417336879
2312.76417336879
2312.76417336879
2312.76417336879
2312.76417336879
2312.76417336879
2312.76417336879
2312.76417336879
2312.76417336879
2312.76417336879
2312.76417336879
2312.76417336879
2312.76417336879
2312.76417336879
2312.76417336879
2312.76417336879
2312.76417336879
2312.76417336879
2312.76417336879
2312.76417336879
2312.76417336879
2312.76417336879
2312.76417336879
2312.76417336879
2312.76417336879
2312.76417336879
2312.76417336879
2312.76417336879
2312.76417336879
2312.76417336879
2312.76417336879
2312.76417336879
2312.76417336879
2312.76417336879
2312.76417336879
2312.76417336879
2312.76417336879
2312.76417336879
2312.76417336879
2312.76417336879
2312.76417336879
2312.76417336879
2312.76417336879
2312.76417336879
2312.76417336879
2312.76417336879
2312.76417336879
2312.76417336879
2312.76417336879
2312.76417336879
2312.76417336879
2312.76417336879
2312.76417336879
2312.76417336879
2312.76417336879
2312.76417336879
2312.76417336879
2312.76417336879
2312.76417336879
2312.76417336879
2312.76417336879
2312.76417336879
2312.76417336879
2312.76417336879
2312.76417336879
2312.76417336879
2312.76417336879
2312.76417336879
2312.76417336879
2312.76417336879
2312.76417336879
2312.76417336879
2312.76417336879
2312.76417336879
2312.76417336879
2312.76417336879
2312.76417336879
2312.76417336879
2312.76417336879
2312.76417336879
2312.76417336879
2312.76417336879
2312.76417336879
2312.76417336879
2312.76417336879
2312.76417336879
2312.76417336879
2312.76417336879
2312.76417336879
2312.76417336879
2312.76417336879
2312.76417336879
2312.76417336879
2312.76417336879
2312.76417336879
2312.76417336879
2312.76417336879
2312.76417336879
2312.76417336879
2312.76417336879
2312.76417336879
2312.76417336879
2312.76417336879
2312.76417336879
2312.76417336879
2312.76417336879
2312.76417336879
2312.76417336879
2312.76417336879
2312.76417336879
2312.76417336879
2312.76417336879
2312.76417336879
2312.76417336879
2312.76417336879
2312.76417336879
2312.76417336879
2312.76417336879
2312.76417336879
2312.76417336879
2312.76417336879
2312.76417336879
2312.76417336879
2312.76417336879
2312.76417336879
2312.76417336879
2312.76417336879
2312.76417336879
2312.76417336879
2312.76417336879
2312.76417336879
2312.76417336879
2312.76417336879
2312.76417336879
2312.76417336879
2312.76417336879
2312.76417336879
2312.76417336879
2312.76417336879
2312.76417336879
2312.76417336879
2312.76417336879
2312.76417336879
2312.76417336879
2312.76417336879
2312.76417336879
2312.76417336879
2312.76417336879
2312.76417336879
2312.76417336879
2312.76417336879
2312.76417336879
2312.76417336879
2312.76417336879
2312.76417336879
2312.76417336879
2312.76417336879
2312.76417336879
2312.76417336879
2312.76417336879
2312.76417336879
2312.76417336879
2312.76417336879
2312.76417336879
2312.76417336879
2312.76417336879
2312.76417336879
2312.76417336879
2312.76417336879
2312.76417336879
2312.76417336879
2312.76417336879
2312.76417336879
2312.76417336879
2312.76417336879
2312.76417336879
2312.76417336879
2312.76417336879
2312.76417336879
2312.76417336879
2312.76417336879
2312.76417336879
2312.76417336879
2312.76417336879
2312.76417336879
2312.76417336879
2312.76417336879
2312.76417336879
2312.76417336879
2312.76417336879
2312.76417336879
2312.76417336879
2312.76417336879
2312.76417336879
2312.76417336879
2312.76417336879
2312.76417336879
2312.76417336879
2312.76417336879
2312.76417336879
2312.76417336879
2312.76417336879
2312.76417336879
2312.76417336879
2312.76417336879
2312.76417336879
2312.76417336879
2312.76417336879
2312.76417336879
2312.76417336879
2312.76417336879
2312.76417336879
2312.76417336879
2312.76417336879
2312.76417336879
2312.76417336879
2312.76417336879
2312.76417336879
2312.76417336879
2312.76417336879
2312.76417336879
2312.76417336879
2312.76417336879
2312.76417336879
2312.76417336879
2312.76417336879
2312.76417336879
2312.76417336879
2312.76417336879
2312.76417336879
2312.76417336879
2312.76417336879
2312.76417336879
2312.76417336879
2312.76417336879
2312.76417336879
2312.76417336879
2312.76417336879
2312.76417336879
2312.76417336879
2312.76417336879
2312.76417336879
2312.76417336879
2312.76417336879
2312.76417336879
2312.76417336879
2312.76417336879
2312.76417336879
2312.76417336879
2312.76417336879
2312.76417336879
2312.76417336879
2312.76417336879
2312.76417336879
2312.76417336879
2312.76417336879
2312.76417336879
2312.76417336879
2312.76417336879
2312.76417336879
2312.76417336879
2312.76417336879
2312.76417336879
2312.76417336879
2312.76417336879
2312.76417336879
2312.76417336879
2312.76417336879
2312.76417336879
2312.76417336879
2312.76417336879
2312.76417336879
2312.76417336879
2312.76417336879
2312.76417336879
2312.76417336879
2312.76417336879
2312.76417336879
2312.76417336879
2312.76417336879
2312.76417336879
2312.76417336879
2312.76417336879
2312.76417336879
2312.76417336879
2312.76417336879
2312.76417336879
2312.76417336879
2312.76417336879
2312.76417336879
2312.76417336879
2312.76417336879
2312.76417336879
2312.76417336879
2312.76417336879
2312.76417336879
2312.76417336879
2312.76417336879
2312.76417336879
2312.76417336879
2312.76417336879
2312.76417336879
2312.76417336879
2312.76417336879
2312.76417336879
2312.76417336879
2312.76417336879
2312.76417336879
2312.76417336879
2312.76417336879
2312.76417336879
2312.76417336879
2312.76417336879
2312.76417336879
2312.76417336879
2312.76417336879
2312.76417336879
2312.76417336879
2312.76417336879
2312.76417336879
2312.76417336879
2312.76417336879
2312.76417336879
2312.76417336879
2312.76417336879
2312.76417336879
2312.76417336879
2312.76417336879
2312.76417336879
2312.76417336879
2312.76417336879
2312.76417336879
2312.76417336879
2312.76417336879
2312.76417336879
2312.76417336879
2312.76417336879
2312.76417336879
2312.76417336879
2312.76417336879
2312.76417336879
2312.76417336879
2312.76417336879
2312.76417336879
2312.76417336879
2312.76417336879
2312.76417336879
2312.76417336879
2312.76417336879
2312.76417336879
2312.76417336879
2312.76417336879
2312.76417336879
2312.76417336879
2312.76417336879
2312.76417336879
2312.76417336879
2312.76417336879
2312.76417336879
2312.76417336879
2312.76417336879
2312.76417336879
2312.76417336879
2312.76417336879
2312.76417336879
2312.76417336879
2312.76417336879
2312.76417336879
2312.76417336879
2312.76417336879
2312.76417336879
2312.76417336879
2312.76417336879
2312.76417336879
2312.76417336879
2312.76417336879
2312.76417336879
2312.76417336879
2312.76417336879
2312.76417336879
2312.76417336879
2312.76417336879
2312.76417336879
2312.76417336879
2312.76417336879
2312.76417336879
2312.76417336879
2312.76417336879
2312.76417336879
2312.76417336879
2312.76417336879
2312.76417336879
2312.76417336879
2312.76417336879
2312.76417336879
2312.76417336879
2312.76417336879
2312.76417336879
2312.76417336879
2312.76417336879
2312.76417336879
2312.76417336879
2312.76417336879
2312.76417336879
2312.76417336879
2312.76417336879
2312.76417336879
2312.76417336879
2312.76417336879
2312.76417336879
2312.76417336879
2312.76417336879
2312.76417336879
2312.76417336879
2312.76417336879
2312.76417336879
2312.76417336879
2312.76417336879
2312.76417336879
2312.76417336879
2312.76417336879
2312.76417336879
2312.76417336879
2312.76417336879
2312.76417336879
2312.76417336879
2312.76417336879
2312.76417336879
2312.76417336879
2312.76417336879
2312.76417336879
2312.76417336879
2312.76417336879
2312.76417336879
2312.76417336879
2312.76417336879
2312.76417336879
2312.76417336879
2312.76417336879
2312.76417336879
2312.76417336879
2312.76417336879
2312.76417336879
2312.76417336879
2312.76417336879
2312.76417336879
2312.76417336879
2312.76417336879
2312.76417336879
2312.76417336879
2312.76417336879
2312.76417336879
2312.76417336879
2312.76417336879
2312.76417336879
2312.76417336879
2312.76417336879
2312.76417336879
2312.76417336879
2312.76417336879
2312.76417336879
2312.76417336879
2312.76417336879
2312.76417336879
2312.76417336879
2312.76417336879
2312.76417336879
2312.76417336879
2312.76417336879
2312.76417336879
2312.76417336879
2312.76417336879
2312.76417336879
2312.76417336879
2312.76417336879
2312.76417336879
2312.76417336879
2312.76417336879
2312.76417336879
2312.76417336879
2312.76417336879
2312.76417336879
2312.76417336879
2312.76417336879
2312.76417336879
2312.76417336879
2312.76417336879
2312.76417336879
2312.76417336879
2312.76417336879
2312.76417336879
2312.76417336879
2312.76417336879
2312.76417336879
2312.76417336879
2312.76417336879
2312.76417336879
2312.76417336879
2312.76417336879
2312.76417336879
2312.76417336879
2312.76417336879
2312.76417336879
2312.76417336879
2312.76417336879
2312.76417336879
2312.76417336879
2312.76417336879
2312.76417336879
2312.76417336879
2312.76417336879
2312.76417336879
2312.76417336879
2312.76417336879
2312.76417336879
2312.76417336879
2312.76417336879
2312.76417336879
2312.76417336879
2312.76417336879
2312.76417336879
2312.76417336879
2312.76417336879
2312.76417336879
2312.76417336879
2312.76417336879
2312.76417336879
2312.31347190875
2312.31347190875
2312.31347190875
2312.31347190875
2312.31347190875
2312.31347190875
2312.31347190875
2312.31347190875
2312.31347190875
2312.31347190875
2312.31347190875
2312.31347190875
2312.31347190875
2312.31347190875
2312.31347190875
2312.31347190875
2312.31347190875
2312.31347190875
2312.31347190875
2312.31347190875
2312.31347190875
2312.31347190875
2312.31347190875
2312.31347190875
2312.31347190875
2312.31347190875
2312.31347190875
2312.31347190875
2312.31347190875
2312.31347190875
2312.31347190875
2312.31347190875
2312.31347190875
2312.31347190875
2312.31347190875
2312.31347190875
2312.31347190875
2312.31347190875
2312.31347190875
2312.31347190875
2312.31347190875
2312.31347190875
2312.31347190875
2312.31347190875
2312.31347190875
2312.31347190875
2312.31347190875
2312.31347190875
2312.31347190875
2312.31347190875
2312.31347190875
2312.31347190875
2312.31347190875
2312.31347190875
2312.31347190875
2312.31347190875
2312.31347190875
2312.31347190875
2312.31347190875
2312.31347190875
2312.31347190875
2312.31347190875
2312.31347190875
2312.31347190875
2312.31347190875
2312.31347190875
2312.31347190875
2312.31347190875
2312.31347190875
2312.31347190875
2312.31347190875
2312.31347190875
2312.31347190875
2312.31347190875
2312.31347190875
2312.31347190875
2312.31347190875
2312.31347190875
2312.31347190875
2312.31347190875
2312.31347190875
2312.31347190875
2312.31347190875
2312.31347190875
2312.31347190875
2312.31347190875
2312.31347190875
2312.31347190875
2312.31347190875
2312.31347190875
2312.31347190875
2312.31347190875
2312.31347190875
2312.31347190875
2312.31347190875
2312.31347190875
2312.31347190875
2312.31347190875
2312.31347190875
2312.31347190875
2312.31347190875
2312.31347190875
2312.31347190875
2312.31347190875
2312.31347190875
2312.31347190875
2312.31347190875
2312.31347190875
2312.31347190875
2312.31347190875
2312.31347190875
2312.31347190875
2312.31347190875
2312.31347190875
2312.31347190875
2312.31347190875
2312.31347190875
2312.31347190875
2312.31347190875
2312.31347190875
2312.31347190875
2312.31347190875
2312.31347190875
2312.31347190875
2312.31347190875
2312.31347190875
2312.31347190875
2312.31347190875
2312.31347190875
2312.31347190875
2312.31347190875
2312.31347190875
2312.31347190875
2312.31347190875
2312.31347190875
2312.31347190875
2312.31347190875
2312.31347190875
2312.31347190875
2312.31347190875
2312.31347190875
2312.31347190875
2312.31347190875
2312.31347190875
2312.31347190875
2312.31347190875
2312.31347190875
2312.31347190875
2312.31347190875
2312.31347190875
2312.31347190875
2312.31347190875
2312.31347190875
2312.31347190875
2312.31347190875
2312.31347190875
2312.31347190875
2312.31347190875
2312.31347190875
2312.31347190875
2312.31347190875
2312.31347190875
2312.31347190875
2312.31347190875
2312.31347190875
2312.31347190875
2312.31347190875
2312.31347190875
2312.31347190875
2312.31347190875
2312.31347190875
2312.31347190875
2312.31347190875
2312.31347190875
2312.31347190875
2312.31347190875
2312.31347190875
2312.31347190875
2312.31347190875
2312.31347190875
2312.31347190875
2312.31347190875
2312.31347190875
2312.31347190875
2312.31347190875
2312.31347190875
2312.31347190875
2312.31347190875
2312.31347190875
2312.31347190875
2312.31347190875
2312.31347190875
2312.31347190875
2312.31347190875
2312.31347190875
2312.31347190875
2312.31347190875
2312.31347190875
2312.31347190875
2312.31347190875
2312.31347190875
2312.31347190875
2312.31347190875
2312.31347190875
2312.31347190875
2312.31347190875
2312.31347190875
2312.31347190875
2312.31347190875
2312.31347190875
2312.31347190875
2312.31347190875
2312.31347190875
2312.31347190875
2312.31347190875
2312.31347190875
2312.31347190875
2312.31347190875
2312.31347190875
2312.31347190875
2312.31347190875
2312.31347190875
2312.31347190875
2312.31347190875
2312.31347190875
2312.31347190875
2312.31347190875
2312.31347190875
2312.31347190875
2312.31347190875
2312.31347190875
2312.31347190875
2312.31347190875
2312.31347190875
2312.31347190875
2312.31347190875
2312.31347190875
2312.31347190875
2312.31347190875
2312.31347190875
2312.31347190875
2312.31347190875
2312.31347190875
2312.31347190875
2312.31347190875
2312.31347190875
2312.31347190875
2312.31347190875
2312.31347190875
2312.31347190875
2312.31347190875
2312.31347190875
2312.31347190875
2312.31347190875
2312.31347190875
2312.31347190875
2312.31347190875
2312.31347190875
2312.31347190875
2312.31347190875
2312.31347190875
2312.31347190875
2312.31347190875
2312.31347190875
2312.31347190875
2312.31347190875
2312.31347190875
2312.31347190875
2312.31347190875
2312.31347190875
2312.31347190875
2312.31347190875
2312.31347190875
2312.31347190875
2312.31347190875
2312.31347190875
2312.31347190875
2312.31347190875
2312.31347190875
2312.31347190875
2312.31347190875
2312.31347190875
2312.31347190875
2312.31347190875
2312.31347190875
2312.31347190875
2312.31347190875
2312.31347190875
2312.31347190875
2312.31347190875
2312.31347190875
2312.31347190875
2312.31347190875
2312.31347190875
2312.31347190875
2312.31347190875
2312.31347190875
2312.31347190875
2312.31347190875
2312.31347190875
2312.31347190875
2312.31347190875
2312.31347190875
2312.31347190875
2312.31347190875
2312.31347190875
2312.31347190875
2312.31347190875
2312.31347190875
2312.31347190875
2312.31347190875
2312.31347190875
2312.31347190875
2312.31347190875
2312.31347190875
2312.31347190875
2312.31347190875
2312.31347190875
2312.31347190875
2312.31347190875
2312.31347190875
2312.31347190875
2312.31347190875
2312.31347190875
2312.31347190875
2312.31347190875
2312.31347190875
2312.31347190875
2312.31347190875
2312.31347190875
2312.31347190875
2312.31347190875
2312.31347190875
2312.31347190875
2312.31347190875
2312.31347190875
2312.31347190875
2312.31347190875
2312.31347190875
2312.31347190875
2312.31347190875
2312.31347190875
2312.31347190875
2312.31347190875
2312.31347190875
2312.31347190875
2312.31347190875
2312.31347190875
2312.31347190875
2312.31347190875
2312.31347190875
2312.31347190875
2312.31347190875
2312.31347190875
2312.31347190875
2312.31347190875
2312.31347190875
2312.31347190875
2312.31347190875
2312.31347190875
2312.31347190875
2312.31347190875
2312.31347190875
2312.31347190875
2312.31347190875
2312.31347190875
2312.31347190875
2312.31347190875
2312.31347190875
2312.31347190875
2312.31347190875
2312.31347190875
2312.31347190875
2312.31347190875
2312.31347190875
2312.31347190875
2312.31347190875
2312.31347190875
2312.31347190875
2312.31347190875
2312.31347190875
2312.31347190875
2312.31347190875
2312.31347190875
2312.31347190875
2312.31347190875
2312.31347190875
2312.31347190875
2312.31347190875
2312.31347190875
2312.31347190875
2312.31347190875
2312.31347190875
2312.31347190875
2312.31347190875
2312.31347190875
2312.31347190875
2312.31347190875
2312.31347190875
2312.31347190875
2312.31347190875
2312.31347190875
2312.31347190875
2312.31347190875
2312.31347190875
2312.31347190875
2312.31347190875
2312.31347190875
2312.31347190875
2312.31347190875
2312.31347190875
2312.31347190875
2312.31347190875
2312.31347190875
2312.31347190875
2312.31347190875
2312.31347190875
2312.31347190875
2312.31347190875
2312.31347190875
2312.31347190875
2312.31347190875
2312.31347190875
2312.31347190875
2312.31347190875
2312.31347190875
2312.31347190875
2312.31347190875
2312.31347190875
2312.31347190875
2312.31347190875
2312.31347190875
2312.31347190875
2312.31347190875
2312.31347190875
2312.31347190875
2312.31347190875
2312.31347190875
2312.31347190875
2312.31347190875
2312.31347190875
2312.31347190875
2312.31347190875
2312.31347190875
2312.31347190875
2312.31347190875
2312.31347190875
2312.31347190875
2312.31347190875
2312.31347190875
2312.31347190875
2312.31347190875
2312.31347190875
2312.31347190875
2312.31347190875
2312.31347190875
2312.31347190875
2312.31347190875
2312.31347190875
2312.31347190875
2312.31347190875
2312.31347190875
2312.31347190875
2312.31347190875
2312.31347190875
2312.31347190875
2312.31347190875
2312.31347190875
2312.31347190875
2312.31347190875
2312.31347190875
2312.31347190875
2312.31347190875
2312.31347190875
2312.31347190875
2312.31347190875
2312.31347190875
2312.31347190875
2312.31347190875
2312.31347190875
2312.31347190875
2312.31347190875
2312.31347190875
2312.31347190875
2312.31347190875
2312.31347190875
2312.31347190875
2312.31347190875
2312.31347190875
2312.31347190875
2312.31347190875
2312.31347190875
2312.31347190875
2312.31347190875
2312.31347190875
2312.31347190875
2312.31347190875
2312.31347190875
2312.31347190875
2312.31347190875
2312.31347190875
2312.31347190875
2312.31347190875
2312.31347190875
2312.31347190875
2312.31347190875
2312.31347190875
2312.31347190875
2312.31347190875
2312.31347190875
2312.31347190875
2312.31347190875
2312.31347190875
2312.31347190875
2312.31347190875
2312.31347190875
2312.31347190875
2312.31347190875
2312.31347190875
2312.31347190875
2312.31347190875
2312.31347190875
2312.31347190875
2312.31347190875
2312.31347190875
2312.31347190875
2312.31347190875
2312.31347190875
2312.31347190875
2312.31347190875
2312.31347190875
2312.31347190875
2312.31347190875
2312.31347190875
2312.31347190875
2312.31347190875
2312.31347190875
2312.31347190875
2312.31347190875
2312.31347190875
2312.31347190875
2312.31347190875
2312.31347190875
2312.31347190875
2312.31347190875
2312.31347190875
2312.31347190875
2312.31347190875
2312.31347190875
2312.31347190875
2312.31347190875
2312.31347190875
2312.31347190875
2312.31347190875
2312.31347190875
2312.31347190875
2312.31347190875
2312.31347190875
2312.31347190875
2312.31347190875
2312.31347190875
2312.31347190875
2312.31347190875
2312.31347190875
2312.31347190875
2312.31347190875
2312.31347190875
2312.31347190875
2312.31347190875
2312.31347190875
2312.31347190875
2312.31347190875
2312.31347190875
2312.31347190875
2312.31347190875
2312.31347190875
2312.31347190875
2312.31347190875
2312.31347190875
2312.31347190875
2312.31347190875
2312.31347190875
2312.31347190875
2312.31347190875
2312.31347190875
2312.31347190875
2312.31347190875
2312.31347190875
2312.31347190875
2312.31347190875
2312.31347190875
2312.31347190875
2312.31347190875
2312.31347190875
2312.31347190875
2312.31347190875
2312.31347190875
2312.31347190875
2312.31347190875
2312.31347190875
2312.31347190875
2312.31347190875
2312.31347190875
2312.31347190875
2312.31347190875
2312.31347190875
2312.31347190875
2312.31347190875
2312.31347190875
2312.31347190875
2312.31347190875
2312.31347190875
2312.31347190875
2312.31347190875
2312.31347190875
2312.31347190875
2312.31347190875
2312.31347190875
2312.31347190875
2312.31347190875
2312.31347190875
2312.31347190875
2312.31347190875
2312.31347190875
2312.31347190875
2312.31347190875
2312.31347190875
2312.31347190875
2312.31347190875
2312.31347190875
2312.31347190875
2312.31347190875
2312.31347190875
2312.31347190875
2312.31347190875
2312.31347190875
2312.31347190875
2312.31347190875
2312.31347190875
2312.31347190875
2312.31347190875
2312.31347190875
2312.31347190875
2312.31347190875
2312.31347190875
2312.31347190875
2312.31347190875
2312.31347190875
2312.31347190875
2312.31347190875
2312.31347190875
2312.31347190875
2312.31347190875
2312.31347190875
2312.31347190875
2312.31347190875
2312.31347190875
2312.31347190875
2312.31347190875
2312.31347190875
2312.31347190875
2312.31347190875
2312.31347190875
2312.31347190875
2312.31347190875
2312.31347190875
2312.31347190875
2312.31347190875
2312.31347190875
2312.31347190875
2312.31347190875
2312.31347190875
2312.31347190875
2312.31347190875
2312.31347190875
2312.31347190875
2312.31347190875
2312.31347190875
2312.31347190875
2312.31347190875
2312.31347190875
2312.31347190875
2312.31347190875
2312.31347190875
2312.31347190875
2312.31347190875
2312.31347190875
2312.31347190875
2312.31347190875
2312.31347190875
2312.31347190875
2312.31347190875
2312.31347190875
2312.31347190875
2312.31347190875
2312.31347190875
2312.31347190875
2312.31347190875
2312.31347190875
2312.31347190875
2312.31347190875
2312.31347190875
2312.31347190875
2312.31347190875
2312.31347190875
2312.31347190875
2312.31347190875
2312.31347190875
2312.31347190875
2312.31347190875
2312.31347190875
2312.31347190875
2312.31347190875
2312.31347190875
2312.31347190875
2312.31347190875
2312.31347190875
2312.31347190875
2312.31347190875
2312.31347190875
2312.31347190875
2312.31347190875
2312.31347190875
2312.31347190875
2312.31347190875
2312.31347190875
2312.31347190875
2312.31347190875
2312.31347190875
2312.31347190875
2312.31347190875
2312.31347190875
2312.31347190875
2312.31347190875
2312.31347190875
2312.31347190875
2312.31347190875
2312.31347190875
2312.31347190875
2312.31347190875
2312.31347190875
2312.31347190875
2312.31347190875
2312.31347190875
2312.31347190875
2312.31347190875
2312.31347190875
2312.31347190875
2312.31347190875
2312.31347190875
2312.31347190875
2312.31347190875
2312.31347190875
2312.31347190875
2312.31347190875
2312.31347190875
2312.31347190875
2312.31347190875
2312.31347190875
2312.31347190875
2312.31347190875
2312.31347190875
2312.31347190875
2312.31347190875
2312.31347190875
2312.31347190875
2312.31347190875
2312.31347190875
2312.31347190875
2312.31347190875
2312.31347190875
2312.31347190875
2312.31347190875
2312.31347190875
2312.31347190875
2312.31347190875
2312.31347190875
2312.31347190875
2312.31347190875
2312.31347190875
2312.31347190875
2312.31347190875
2312.31347190875
2312.31347190875
2312.31347190875
2312.31347190875
2312.31347190875
2312.31347190875
2312.31347190875
2312.31347190875
2312.31347190875
2312.31347190875
2312.31347190875
2312.31347190875
2312.31347190875
2312.31347190875
2312.31347190875
2312.31347190875
2312.31347190875
2312.31347190875
2312.31347190875
2312.31347190875
2312.31347190875
2312.31347190875
2312.31347190875
2312.31347190875
2312.31347190875
2312.31347190875
2312.31347190875
2312.31347190875
2312.31347190875
2312.31347190875
2312.31347190875
2312.31347190875
2312.31347190875
2312.31347190875
2312.31347190875
2312.31347190875
2312.31347190875
2312.31347190875
2312.31347190875
2312.31347190875
2312.31347190875
2312.31347190875
2312.31347190875
2312.31347190875
2312.31347190875
2312.31347190875
2312.31347190875
2312.31347190875
2312.31347190875
2312.31347190875
2312.31347190875
2312.31347190875
2312.31347190875
2312.31347190875
2312.31347190875
2312.31347190875
2312.31347190875
2312.31347190875
2312.31347190875
2312.31347190875
2312.31347190875
2312.31347190875
2312.31347190875
2312.31347190875
2312.31347190875
2312.31347190875
2312.31347190875
2312.31347190875
2312.31347190875
2312.31347190875
2312.31347190875
2312.31347190875
2312.31347190875
2312.31347190875
2312.31347190875
2312.31347190875
2312.31347190875
2312.31347190875
2312.31347190875
2312.31347190875
2312.31347190875
2312.31347190875
2312.31347190875
2312.31347190875
2312.31347190875
2312.31347190875
2312.31347190875
2312.31347190875
2312.31347190875
2312.31347190875
2312.31347190875
2312.28476395085
2312.28476395085
2312.28476395085
2312.28476395085
2312.28476395085
2312.28476395085
2312.28476395085
2312.28476395085
2312.28476395085
2312.28476395085
2312.28476395085
2312.28476395085
2312.28476395085
2312.28476395085
2312.28476395085
2312.28476395085
2312.28476395085
2312.28476395085
2312.28476395085
2312.28476395085
2312.28476395085
2312.28476395085
2312.28476395085
2312.28476395085
2312.28476395085
2312.28476395085
2312.28476395085
2312.28476395085
2312.28476395085
2312.28476395085
2312.28476395085
2312.28476395085
2312.28476395085
2312.28476395085
2312.28476395085
2312.28476395085
2312.28476395085
2312.28476395085
2312.28476395085
2312.28476395085
2312.28476395085
2312.28476395085
2312.28476395085
2312.28476395085
2312.28476395085
2312.28476395085
2312.28476395085
2312.28476395085
2312.28476395085
2312.28476395085
2312.28476395085
2312.28476395085
2312.28476395085
2312.28476395085
2312.28476395085
2312.28476395085
2312.28476395085
2312.28476395085
2312.28476395085
2312.28476395085
2312.28476395085
2312.28476395085
2312.28476395085
2312.28476395085
2312.28476395085
2312.28476395085
2312.28476395085
2312.28476395085
2312.28476395085
2312.28476395085
2312.28476395085
2312.28476395085
2312.28476395085
2312.28476395085
2312.28476395085
2312.28476395085
2312.28476395085
2312.28476395085
2312.28476395085
2312.28476395085
2312.28476395085
2312.28476395085
2312.28476395085
2312.28476395085
2312.28476395085
2312.28476395085
2312.28476395085
2312.28476395085
2312.28476395085
2312.28476395085
2312.28476395085
2312.28476395085
2312.28476395085
2312.28476395085
2312.28476395085
2312.28476395085
2312.28476395085
2312.28476395085
2312.28476395085
2312.28476395085
2312.28476395085
2312.28476395085
2312.28476395085
2312.28476395085
2312.28476395085
2312.28476395085
2312.28476395085
2312.28476395085
2312.28476395085
2312.28476395085
2312.28476395085
2312.28476395085
2312.28476395085
2312.28476395085
2312.28476395085
2312.28476395085
2312.28476395085
2312.28476395085
2312.28476395085
2312.28476395085
2312.28476395085
2312.28476395085
2312.28476395085
2312.28476395085
2312.28476395085
2312.28476395085
2312.28476395085
2312.28476395085
2312.28476395085
2312.28476395085
2312.28476395085
2312.28476395085
2312.28476395085
2312.28476395085
2312.28476395085
2312.28476395085
2312.28476395085
2312.28476395085
2312.28476395085
2312.28476395085
2312.28476395085
2312.28476395085
2312.28476395085
2312.28476395085
2312.28476395085
2312.28476395085
2312.28476395085
2312.28476395085
2312.28476395085
2312.28476395085
2312.28476395085
2312.28476395085
2312.28476395085
2312.28476395085
2312.28476395085
2312.28476395085
2312.28476395085
2312.28476395085
2312.28476395085
2312.28476395085
2312.28476395085
2312.28476395085
2312.28476395085
2312.28476395085
2312.28476395085
2312.28476395085
2312.28476395085
2312.28476395085
2312.28476395085
2312.28476395085
2312.28476395085
2312.28476395085
2312.28476395085
2312.28476395085
2312.28476395085
2312.28476395085
2312.28476395085
2312.28476395085
2312.28476395085
2312.28476395085
2312.28476395085
2312.28476395085
2312.28476395085
2312.28476395085
2312.28476395085
2312.28476395085
2312.28476395085
2312.28476395085
2312.28476395085
2312.28476395085
2312.28476395085
2312.28476395085
2312.28476395085
2312.28476395085
2312.28476395085
2312.28476395085
2312.28476395085
2312.28476395085
2312.28476395085
2312.28476395085
2312.28476395085
2312.28476395085
2312.28476395085
2312.28476395085
2312.28476395085
2312.28476395085
2312.28476395085
2312.28476395085
2312.28476395085
2312.28476395085
2312.28476395085
2312.28476395085
2312.28476395085
2312.28476395085
2312.28476395085
2312.28476395085
2312.28476395085
2312.28476395085
2312.28476395085
2312.28476395085
2312.28476395085
2312.28476395085
2312.28476395085
2312.28476395085
2312.28476395085
2312.28476395085
2312.28476395085
2312.28476395085
2312.28476395085
2312.28476395085
2312.28476395085
2312.28476395085
2312.28476395085
2312.28476395085
2312.28476395085
2312.28476395085
2312.28476395085
2312.28476395085
2312.28476395085
2312.28476395085
2312.28476395085
2312.28476395085
2312.28476395085
2312.28476395085
2312.28476395085
2312.28476395085
2312.28476395085
2312.28476395085
2312.28476395085
2312.28476395085
2312.28476395085
2312.28476395085
2312.28476395085
2312.28476395085
2312.28476395085
2312.28476395085
2312.28476395085
2312.28476395085
2312.28476395085
2312.28476395085
2312.28476395085
2312.28476395085
2312.28476395085
2312.28476395085
2312.28476395085
2312.28476395085
2312.28476395085
2312.28476395085
2312.28476395085
2312.28476395085
2312.28476395085
2312.28476395085
2312.28476395085
2312.28476395085
2312.28476395085
2312.28476395085
2312.28476395085
2312.28476395085
2312.28476395085
2312.28476395085
2312.28476395085
2312.28476395085
2312.28476395085
2312.28476395085
2312.28476395085
2312.28476395085
2312.28476395085
2312.28476395085
2312.28476395085
2312.28476395085
2312.28476395085
2312.28476395085
2312.28476395085
2312.28476395085
2312.28476395085
2312.28476395085
2312.28476395085
2312.28476395085
2312.28476395085
2312.28476395085
2312.28476395085
2312.28476395085
2312.28476395085
2312.28476395085
2312.28476395085
2312.28476395085
2312.28476395085
2312.28476395085
2312.28476395085
2312.28476395085
2312.28476395085
2312.28476395085
2312.28476395085
2312.28476395085
2312.28476395085
2312.28476395085
2312.28476395085
2312.28476395085
2312.28476395085
2312.28476395085
2312.28476395085
2312.28476395085
2312.28476395085
2312.28476395085
2312.28476395085
2312.28476395085
2312.28476395085
2312.28476395085
2312.28476395085
2312.28476395085
2312.28476395085
2312.28476395085
2312.28476395085
2312.28476395085
2312.28476395085
2312.28476395085
2312.28476395085
2312.28476395085
2312.28476395085
2312.28476395085
2312.28476395085
2312.28476395085
2312.28476395085
2312.28476395085
2312.28476395085
2312.28476395085
2312.28476395085
2312.28476395085
2312.28476395085
2312.28476395085
2312.28476395085
2312.28476395085
2312.28476395085
2312.28476395085
2312.28476395085
2312.28476395085
2312.28476395085
2312.28476395085
2312.28476395085
2312.28476395085
2312.28476395085
2312.28476395085
2312.28476395085
2312.28476395085
2312.28476395085
2312.28476395085
2312.28476395085
2312.28476395085
2312.28476395085
2312.28476395085
2312.28476395085
2312.28476395085
2312.28476395085
2312.28476395085
2312.28476395085
2312.28476395085
2312.28476395085
2312.28476395085
2312.28476395085
2312.28476395085
2312.28476395085
2312.28476395085
2312.28476395085
2312.28476395085
2312.28476395085
2312.28476395085
2312.28476395085
2312.28476395085
2312.28476395085
2312.28476395085
2312.28476395085
2312.28476395085
2312.28476395085
2312.28476395085
2312.28476395085
2312.28476395085
2312.28476395085
2312.28476395085
2312.28476395085
2312.28476395085
2312.28476395085
2312.28476395085
2312.28476395085
2312.28476395085
2312.28476395085
2312.28476395085
2312.28476395085
2312.28476395085
2312.28476395085
2312.28476395085
2312.28476395085
2312.28476395085
2312.28476395085
2312.28476395085
2312.28476395085
2312.28476395085
2312.28476395085
2312.28476395085
2312.28476395085
2312.28476395085
2312.28476395085
2312.28476395085
2312.28476395085
2312.28476395085
2312.28476395085
2312.28476395085
2312.28476395085
2312.28476395085
2312.28476395085
2312.28476395085
2312.28476395085
2312.28476395085
2312.28476395085
2312.28476395085
2312.28476395085
2312.28476395085
2312.28476395085
2312.28476395085
2312.28476395085
2312.28476395085
2312.28476395085
2312.28476395085
2312.28476395085
2312.28476395085
2312.28476395085
2312.28476395085
2312.28476395085
2312.28476395085
2312.28476395085
2312.28476395085
2312.28476395085
2312.28476395085
2312.28476395085
2312.28476395085
2312.28476395085
2312.28476395085
2312.28476395085
2312.28476395085
2312.28476395085
2312.28476395085
2312.28476395085
2312.28476395085
2312.28476395085
2312.28476395085
2312.28476395085
2312.28476395085
2312.28476395085
2312.28476395085
2312.28476395085
2312.28476395085
2312.28476395085
2312.28476395085
2312.28476395085
2312.28476395085
2312.28476395085
2312.28476395085
2312.28476395085
2312.28476395085
2312.28476395085
2312.28476395085
2312.28476395085
2312.28476395085
2312.28476395085
2312.28476395085
2312.28476395085
2312.28476395085
2312.28476395085
2312.28476395085
2312.28476395085
2312.28476395085
2312.28476395085
2312.28476395085
2312.28476395085
2312.28476395085
2312.28476395085
2312.28476395085
2312.28476395085
2312.28476395085
2312.28476395085
2312.28476395085
2312.28476395085
2312.28476395085
2312.28476395085
2312.28476395085
2312.28476395085
2312.28476395085
2312.28476395085
2312.28476395085
2312.28476395085
2312.28476395085
2312.28476395085
2312.28476395085
2312.28476395085
2312.28476395085
2312.28476395085
2312.28476395085
2312.28476395085
2312.28476395085
2312.28476395085
2312.28476395085
2312.28476395085
2312.28476395085
2312.28476395085
2312.28476395085
2312.28476395085
2312.28476395085
2312.28476395085
2312.28476395085
2312.28476395085
2312.28476395085
2312.28476395085
2312.28476395085
2312.28476395085
2312.28476395085
2312.28476395085
2312.28476395085
2312.28476395085
2312.28476395085
2312.28476395085
2312.28476395085
2312.28476395085
2312.28476395085
2312.28476395085
2312.28476395085
2312.28476395085
2312.28476395085
2312.28476395085
2312.28476395085
2312.28476395085
2312.28476395085
2312.28476395085
2312.28476395085
2312.28476395085
2312.28476395085
2312.28476395085
2312.28476395085
2312.28476395085
2312.28476395085
2312.28476395085
2312.28476395085
2312.28476395085
2312.28476395085
2312.28476395085
2312.28476395085
2312.28476395085
2312.28476395085
2312.28476395085
2312.28476395085
2312.28476395085
2312.28476395085
2312.28476395085
2312.28476395085
2312.28476395085
2312.28476395085
2312.28476395085
2312.28476395085
2312.28476395085
2312.28476395085
2312.28476395085
2312.28476395085
2312.28476395085
2312.28476395085
2312.28476395085
2312.28476395085
2312.28476395085
2312.28476395085
2312.28476395085
2312.28476395085
2312.28476395085
2312.28476395085
2312.28476395085
2312.28476395085
2312.28476395085
2312.28476395085
2312.28476395085
2312.28476395085
2312.28476395085
2312.28476395085
2312.28476395085
2312.28476395085
2312.28476395085
2312.28476395085
2312.28476395085
2312.28476395085
2312.28476395085
2312.28476395085
2312.28476395085
2312.28476395085
2312.28476395085
2312.28476395085
2312.28476395085
2312.28476395085
2312.28476395085
2312.28476395085
2312.28476395085
2312.28476395085
2312.28476395085
2312.28476395085
2312.28476395085
2312.28476395085
2312.28476395085
2312.28476395085
2312.28476395085
2312.28476395085
2312.28476395085
2312.28476395085
2312.28476395085
2312.28476395085
2312.28476395085
2312.28476395085
2312.28476395085
2312.28476395085
2312.28476395085
2312.28476395085
2312.28476395085
2312.28476395085
2312.28476395085
2312.28476395085
2312.28476395085
2312.28476395085
2312.28476395085
2312.28476395085
2312.28476395085
2312.28476395085
2312.28476395085
2312.28476395085
2312.28476395085
2312.28476395085
2312.28476395085
2312.28476395085
2312.28476395085
2312.28476395085
2312.28476395085
2312.28476395085
2312.28476395085
2312.28476395085
2312.28476395085
2312.28476395085
2312.28476395085
2312.28476395085
2312.28476395085
2312.28476395085
2312.28476395085
2312.28476395085
2312.28476395085
2312.28476395085
2312.28476395085
2312.28476395085
2312.28476395085
2312.28476395085
2312.28476395085
2312.28476395085
2312.28476395085
2312.28476395085
2312.28476395085
2312.28476395085
2312.28476395085
2312.28476395085
2312.28476395085
2312.28476395085
2312.28476395085
2312.28476395085
2312.28476395085
2312.28476395085
2312.28476395085
2312.28476395085
2312.28476395085
2312.28476395085
2312.28476395085
2312.28476395085
2312.28476395085
2312.28476395085
2312.28476395085
2312.28476395085
2312.28476395085
2312.28476395085
2312.28476395085
2312.28476395085
2312.28476395085
2312.28476395085
2312.28476395085
2312.28476395085
2312.28476395085
2312.28476395085
2312.28476395085
2312.28476395085
2312.28476395085
2312.28476395085
2312.28476395085
2312.28476395085
2312.28476395085
2312.28476395085
2312.28476395085
2312.28476395085
2312.28476395085
2312.28476395085
2312.28476395085
2312.28476395085
2312.28476395085
2312.28476395085
2312.28476395085
2312.28476395085
2312.28476395085
2312.28476395085
2312.28476395085
2312.28476395085
2312.28476395085
2312.28476395085
2312.28476395085
2312.28476395085
2312.28476395085
2312.28476395085
2312.28476395085
2312.28476395085
2312.28476395085
2312.28476395085
2312.28476395085
2312.28476395085
2312.28476395085
2312.28476395085
2312.28476395085
2312.28476395085
2312.28476395085
2312.28476395085
2312.28476395085
2312.28476395085
2312.28476395085
2312.28476395085
2312.28476395085
2312.28476395085
2312.28476395085
2312.28476395085
2312.28476395085
2312.28476395085
2312.28476395085
2312.28476395085
2312.28476395085
2312.28476395085
2312.28476395085
2312.28476395085
2312.28476395085
2312.28476395085
2312.28476395085
2312.28476395085
2312.28476395085
2312.28476395085
2312.28476395085
2312.28476395085
2312.28476395085
2312.28476395085
2312.28476395085
2312.28476395085
2312.28476395085
2312.28476395085
2312.28476395085
2312.28476395085
2312.28476395085
2312.28476395085
2312.28476395085
2312.28476395085
2312.28476395085
2312.28476395085
2312.28476395085
2312.28476395085
2312.28476395085
2312.28476395085
2312.28476395085
2312.28476395085
2312.28476395085
2312.28476395085
2312.28476395085
2312.28476395085
2312.28476395085
2312.28476395085
2312.28476395085
2312.28476395085
2312.28476395085
2312.28476395085
2312.28476395085
2312.28476395085
2312.28476395085
2312.28476395085
2312.28476395085
2312.28476395085
2312.28476395085
2312.28476395085
2312.28476395085
2312.28476395085
2312.28476395085
2312.28476395085
2312.28476395085
2312.28476395085
2312.28476395085
2312.28476395085
2312.28476395085
2312.28476395085
2312.28476395085
2312.28476395085
2312.28476395085
2312.28476395085
2312.28476395085
2312.28476395085
2312.28476395085
2312.28476395085
2312.28476395085
2312.28476395085
2312.28476395085
2312.28476395085
2312.28476395085
2312.28476395085
2312.28476395085
2312.28476395085
2312.28476395085
2312.28476395085
2312.28476395085
2312.28476395085
2312.28476395085
2312.28476395085
2312.28476395085
2312.28476395085
2312.28476395085
2312.28476395085
2312.28476395085
2312.28476395085
2312.28476395085
2312.28476395085
2312.28476395085
2312.28476395085
2312.28476395085
2312.28476395085
2312.28476395085
2312.28476395085
2312.28476395085
2312.28476395085
2312.28476395085
2312.28476395085
2312.28476395085
2312.28476395085
2312.28476395085
2312.28476395085
2312.28476395085
2312.28476395085
2312.28476395085
2312.28476395085
2312.28476395085
2312.28476395085
2312.28476395085
2312.28476395085
2312.28476395085
2312.28476395085
2312.28476395085
2312.28476395085
2312.28476395085
2312.28476395085
2312.28476395085
2312.28476395085
2312.28476395085
2312.28476395085
2312.28476395085
2312.28476395085
2312.28476395085
2312.28476395085
2312.28476395085
2312.28476395085
2312.28476395085
2312.28476395085
2312.28476395085
2312.28476395085
2312.28476395085
2312.28476395085
2312.28476395085
2312.28476395085
2312.28476395085
2312.28476395085
2312.28476395085
2312.28476395085
2312.28476395085
2312.28476395085
2312.28476395085
2312.28476395085
2312.28476395085
2312.28476395085
2312.28476395085
2312.28476395085
2312.28476395085
2312.28476395085
2312.28476395085
2312.28476395085
2312.28476395085
2312.28476395085
2312.28476395085
2312.28476395085
2312.28476395085
2312.28476395085
2312.28476395085
2312.28476395085
2312.28476395085
2312.28476395085
2312.28476395085
2312.28476395085
2312.28476395085
2312.28476395085
2312.28476395085
2312.28476395085
2312.28476395085
2312.28476395085
2312.28476395085
2312.28476395085
2312.28476395085
2312.28476395085
2312.28476395085
2312.28476395085
2312.28476395085
2312.28476395085
2312.28476395085
2312.28476395085
2312.28476395085
2312.28476395085
2312.28476395085
2312.28476395085
2312.28476395085
2312.28476395085
2312.28476395085
2312.28476395085
2312.28476395085
2312.28476395085
2312.28476395085
2312.28476395085
2312.28476395085
2312.28476395085
2312.28476395085
2312.28476395085
2312.28476395085
2312.28476395085
2312.28476395085
2312.28476395085
2312.28476395085
2312.28476395085
2312.28476395085
2312.28476395085
2312.28476395085
2312.28476395085
2312.28476395085
2312.28476395085
2312.28476395085
2312.28476395085
2312.28476395085
2312.28476395085
2312.28476395085
2312.28476395085
2312.28476395085
2312.28476395085
2312.28476395085
2312.28476395085
2312.28476395085
2312.28476395085
2312.28476395085
2312.28476395085
2312.28476395085
2312.28476395085
2312.28476395085
2312.28476395085
2312.28476395085
2312.28476395085
2312.28476395085
2312.28476395085
2312.28476395085
2312.28476395085
2312.28476395085
2312.28476395085
2312.28476395085
2312.28476395085
2312.28476395085
2312.28476395085
2312.28476395085
2312.28476395085
2312.28476395085
2312.28476395085
2312.28476395085
2312.28476395085
2312.28476395085
2312.28476395085
2312.28476395085
2312.28476395085
2312.28476395085
2312.28476395085
2312.28476395085
2312.28476395085
2312.28476395085
2312.28476395085
2312.28476395085
2312.28476395085
2312.28476395085
2312.28476395085
2312.28476395085
2312.28476395085
2312.28476395085
2312.28476395085
2312.28476395085
2312.28476395085
2312.28476395085
2312.28476395085
2312.28476395085
2312.28476395085
2312.28476395085
2312.28476395085
2312.28476395085
2312.28476395085
2312.28476395085
2312.28476395085
2312.28476395085
2312.28476395085
2312.28476395085
2312.28476395085
2312.28476395085
2312.28476395085
2312.28476395085
2312.28476395085
2312.28476395085
2312.28476395085
2312.28476395085
2312.28476395085
2312.28476395085
2312.28476395085
2312.28476395085
2312.28476395085
2312.28476395085
2312.28476395085
2312.28476395085
2312.28476395085
2312.28476395085
2312.28476395085
2312.28476395085
2312.28476395085
2312.28476395085
2312.28476395085
2312.28476395085
2312.28476395085
2312.28476395085
2312.28476395085
2312.28476395085
2312.28476395085
2312.28476395085
2312.28476395085
2312.28476395085
2312.28476395085
2312.28476395085
2312.28476395085
2312.28476395085
2312.28476395085
2312.28476395085
2312.28476395085
2312.28476395085
2312.28476395085
2312.28476395085
2312.28476395085
2312.28476395085
2312.28476395085
2312.28476395085
2312.28476395085
2312.28476395085
2312.28476395085
2312.28476395085
2312.28476395085
2312.28476395085
2312.28476395085
2312.28476395085
2312.28476395085
2312.28476395085
2312.28476395085
2312.28476395085
2312.28476395085
2312.28476395085
2312.28476395085
2312.28476395085
2312.28476395085
2312.28476395085
2312.28476395085
2312.28476395085
2312.28476395085
2312.28476395085
2312.28476395085
2312.28476395085
2312.28476395085
2312.28476395085
2312.28476395085
2312.28476395085
2312.28476395085
2312.28476395085
2312.28476395085
2312.28476395085
2312.28476395085
2312.28476395085
2312.28476395085
2312.28476395085
2312.28476395085
2312.28476395085
2312.28476395085
2312.28476395085
2312.28476395085
2312.28476395085
2312.28476395085
2312.28476395085
2312.28476395085
2312.28476395085
2312.28476395085
2312.28476395085
2312.28476395085
2312.28476395085
2312.28476395085
2312.28476395085
2312.28476395085
2312.28476395085
2312.28476395085
2312.28476395085
2312.28476395085
2312.28476395085
2312.28476395085
2312.28476395085
2312.28476395085
2312.28476395085
2312.28476395085
2312.28476395085
2312.28476395085
2312.28476395085
2312.28476395085
2312.28476395085
2312.28476395085
2312.28476395085
2312.28476395085
2312.28476395085
2312.28476395085
2312.28476395085
2312.28476395085
2312.28476395085
2312.28476395085
2312.28476395085
2312.28476395085
2312.28476395085
2312.28476395085
2312.28476395085
2312.28476395085
2312.28476395085
2312.28476395085
2312.28476395085
2312.28476395085
2312.28476395085
2312.28476395085
2312.28476395085
2312.28476395085
2312.28476395085
2312.28476395085
2312.28476395085
2312.28476395085
2312.28476395085
2312.28476395085
2312.28476395085
2312.28476395085
2312.28476395085
2312.28476395085
2312.28476395085
2312.28476395085
2312.28476395085
2312.28476395085
2312.28476395085
2312.28476395085
2312.28476395085
2312.28476395085
2312.28476395085
2312.28476395085
2312.28476395085
2312.28476395085
2312.28476395085
2312.28476395085
2312.28476395085
2312.28476395085
2312.28476395085
2312.28476395085
2312.28476395085
2312.28476395085
2312.28476395085
2312.28476395085
2312.28476395085
2312.28476395085
2312.28476395085
2312.28476395085
2312.28476395085
2312.28476395085
2312.28476395085
2312.28476395085
2312.28476395085
2312.28476395085
2312.28476395085
2312.28476395085
2312.28476395085
2312.28476395085
2312.28476395085
2312.28476395085
2312.28476395085
2312.28476395085
2312.28476395085
2312.28476395085
2312.28476395085
2312.28476395085
2312.28476395085
2312.28476395085
2312.28476395085
2312.28476395085
2312.28476395085
2312.28476395085
2312.28476395085
